32 32
0.733439
0.833515
0.57431
0.816777
0.934699
0.342659
0.779365
0.805531
0.476472
0.562988
0.43238
0.0582284
0.0028686
0.372366
0.820197
0.672489
0.0788321
0.0678778
0.75631
0.732415
0.921889
0.278387
0.0428155
0.626908
0.774489
0.600489
0.624501
0.0665706
0.313437
0.695948
0.834711
0.0468764
0.529464
0.409021
0.863654
0.464163
0.75168
0.643018
0.269694
0.228152
0.206006
0.702074
0.28638
0.208875
0.0744403
0.106577
0.881364
0.153272
0.174455
0.637674
0.885688
0.0963438
0.916061
0.928503
0.723252
0.69055
0.528993
0.347753
0.757121
0.84243
0.0437015
0.591832
0.889306
0.573165
0.000852754
0.75296
0.0373284
0.752532
0.395978
0.307023
0.980684
0.601985
0.00909654
0.267065
0.81086
0.0835369
0.373642
0.692224
0.236809
0.548097
0.329898
0.122497
0.644441
0.245959
0.0510007
0.367693
0.936509
0.579993
0.715446
0.69363
0.422423
0.759148
0.285462
0.31173
0.332313
0.286315
0.0646899
0.369641
0.0388475
0.460668
0.676664
0.0195319
0.0626529
0.68576
0.286597
0.873513
0.769297
0.660239
0.565736
0.00610661
0.208336
0.895634
0.128604
0.852777
0.141593
0.179605
0.220469
0.0781026
0.759598
0.935916
0.771733
0.182021
0.695063
0.0571954
0.493751
0.0273758
0.343511
0.558441
0.397017
0.382358
0.0191093
0.0736809
0.40189
0.0817622
0.759441
0.688487
0.955275
0.528738
0.348725
0.521011
0.534845
0.557061
0.416645
0.663449
0.409838
0.558238
0.843054
0.630307
0.636341
0.602652
0.566223
0.408074
0.784673
0.261286
0.465269
0.278424
0.288662
0.80878
0.836866
0.685679
0.191138
0.855975
0.75936
0.593028
0.937737
0.518801
0.281515
0.893012
0.0475392
0.63024
0.414023
0.582384
0.187301
0.830668
0.245833
0.597139
0.388906
0.0888869
0.227446
0.0252469
0.691539
0.793669
0.433321
0.476212
0.0549548
0.89859
0.754636
0.343616
0.70737
0.591502
0.0292951
0.898508
0.447476
0.788655
0.491536
0.385213
0.307455
0.773051
0.278225
0.354995
0.403291
0.692248
0.937379
0.590592
0.522916
0.183212
0.187731
0.911822
0.272099
0.415178
0.937069
0.963638
0.208847
0.37039
0.439849
0.263802
0.26898
0.194485
0.607418
0.97635
0.785987
0.636713
0.874857
0.233463
0.425368
0.366393
0.618676
0.732823
0.139444
0.896902
0.0878176
0.542735
0.58915
0.0251965
0.133327
0.112066
0.208409
0.321058
0.0238876
0.480508
0.736236
0.960957
0.444145
0.945082
0.331346
0.883994
0.208884
0.600326
0.0784795
0.816302
0.576676
0.864466
0.453015
0.451533
0.0979292
0.878383
0.817926
0.716606
0.611206
0.95737
0.613507
0.699023
0.500105
0.202657
0.72422
0.633431
0.314722
0.932628
0.954489
0.33861
0.413136
0.690725
0.299567
0.857281
0.635807
0.630913
0.741275
0.844691
0.231239
0.819755
0.660993
0.807915
0.684221
0.114008
0.259448
0.78215
0.992391
0.0773739
0.498756
0.603596
0.034744
0.112263
0.30262
0.534849
0.31492
0.0268396
0.16828
0.629642
0.959468
0.122769
0.968252
0.372604
0.813494
0.267819
0.229885
0.449301
0.898732
0.971161
0.293992
0.129971
0.790915
0.954986
0.937885
0.475137
0.0689936
0.197333
0.257287
0.0613843
0.274707
0.756042
0.664981
0.309451
0.868305
0.967601
0.844299
0.183225
0.99444
0.0125794
0.812868
0.953908
0.135349
0.78112
0.326512
0.948843
0.0489393
0.556397
0.398144
0.947671
0.527558
0.692136
0.0776421
0.318473
0.647122
0.0155275
0.79361
0.716115
0.21286
0.0508965
0.7775
0.487567
0.806939
0.442481
0.797018
0.675244
0.410081
0.641318
0.85847
0.404521
0.653897
0.671338
0.35843
0.789246
0.452458
0.684942
0.738088
0.501397
0.241339
0.136232
0.449068
0.768897
0.828369
0.526711
0.0873702
0.47549
0.542238
0.88098
0.191606
0.755098
0.931877
0.969106
0.242666
0.738816
0.411586
0.0396837
0.41406
0.821668
0.681001
0.27253
0.226189
0.334898
0.943868
0.584619
0.124144
0.396325
0.26956
0.862232
0.897723
0.510899
0.998464
0.346791
0.279796
0.826833
0.873502
0.367166
0.302323
0.41574
0.248146
0.493929
0.170838
0.180023
0.463035
0.413503
0.918838
0.874621
0.453187
0.332898
0.696289
0.134189
0.605428
0.922478
0.469087
0.549296
0.507096
0.593231
0.945621
0.776657
0.455463
0.843344
0.287556
0.453928
0.190135
0.567352
0.280761
0.0636365
0.934519
0.583084
0.479376
0.182665
0.0770134
0.650214
0.362688
0.540048
0.0637173
0.281526
0.41467
0.516905
0.614425
0.110959
0.651093
0.219853
0.0334367
0.12018
0.769149
0.540533
0.713411
0.71477
0.31719
0.168874
0.558114
0.604746
0.622802
0.748249
0.172098
0.903562
0.811885
0.106617
0.486646
0.291261
0.289282
0.56366
0.941475
0.65197
0.103708
0.0051926
0.933496
0.518378
0.522097
0.547921
0.629337
0.17319
0.767774
0.662773
0.29337
0.536923
0.203307
0.00678137
0.251693
0.520496
0.175655
0.809807
0.125242
0.798457
0.558056
0.297341
0.702019
0.369941
0.403958
0.188665
0.661203
0.69324
0.752325
0.602678
0.34521
0.856033
0.60787
0.278706
0.374411
0.129968
0.826627
0.00374758
0.303158
0.5944
0.666521
0.596528
0.131323
0.869828
0.60331
0.383016
0.390324
0.778965
0.192822
0.515566
0.577422
0.750878
0.812907
0.279442
0.120819
0.216865
0.468107
0.782022
0.910104
0.220432
0.384699
0.255314
0.076465
0.99257
0.534019
0.450876
0.122537
0.360646
0.454623
0.425695
0.955046
0.121144
0.0222235
0.0863692
0.990972
0.625533
0.469385
0.381296
0.404498
0.662207
0.896862
0.98192
0.413085
0.709769
0.261362
0.533904
0.926634
0.729469
0.315926
0.836738
0.949901
0.700626
0.0920517
0.0263662
0.693195
0.626071
0.477242
0.815733
0.986717
0.931866
0.241428
0.941763
0.05301
0.263652
0.0281324
0.043982
0.889185
0.497517
0.425278
0.293683
0.159724
0.32214
0.275603
0.57281
0.0319095
0.536966
0.106714
0.958543
0.266435
0.42264
0.795281
0.216336
0.123266
0.887333
0.242702
0.816461
0.513404
0.719944
0.632194
0.500121
0.65181
0.873623
0.441884
0.70482
0.137274
0.470017
0.748802
0.026459
0.967534
0.17408
0.320142
0.127258
0.49622
0.595745
0.700068
0.528129
0.132711
0.806782
0.486672
0.399146
0.229423
0.281954
0.615481
0.352689
0.169287
0.858183
0.16915
0.682691
0.578127
0.801345
0.182812
0.229937
0.674967
0.624696
0.934756
0.812241
0.0947126
0.683558
0.8387
0.0622465
0.857637
0.158842
0.189505
0.353857
0.754588
0.889573
0.881986
0.887299
0.696355
0.368659
0.286444
0.925778
0.650612
0.901926
0.278467
0.819899
0.760109
0.447617
0.50259
0.338236
0.248962
0.685402
0.568173
0.923929
0.310097
0.502929
0.73617
0.40481
0.186487
0.574871
0.467057
0.0441241
0.733713
0.656561
0.397981
0.488301
0.546135
0.279967
0.3756
0.24249
0.648626
0.662044
0.168268
0.299238
0.56397
0.446735
0.119138
0.324079
0.894352
0.621727
0.662315
0.143314
0.307129
0.230488
0.067243
0.617226
0.733417
0.803413
0.0220365
0.919904
0.378284
0.489093
0.964028
0.111997
0.145655
0.362009
0.600298
0.691789
0.641976
0.975898
0.934279
0.290602
0.637943
0.102547
0.589841
0.201913
0.549282
0.708978
0.525992
0.443635
0.330706
0.188307
0.586949
0.637834
0.418795
0.654191
0.255061
0.152212
0.457605
0.277097
0.0721159
0.835889
0.76619
0.0361439
0.947886
0.911845
0.398153
0.548184
0.603634
0.0401294
0.524083
0.537913
0.330732
0.162025
0.64046
0.920572
0.363938
0.189743
0.629551
0.88993
0.633377
0.960256
0.078237
0.220326
0.598091
0.497032
0.874517
0.853152
0.649244
0.332122
0.130249
0.72136
0.168011
0.896439
0.757504
0.115897
0.808284
0.155657
0.664082
0.411918
0.195786
0.188164
0.949831
0.526518
0.35019
0.590292
0.44709
0.714128
0.780035
0.076641
0.604058
0.413412
0.0368972
0.682295
0.633738
0.634988
0.179327
0.508255
0.488139
0.828571
0.840377
0.618388
0.549931
0.008388
0.514828
0.307435
0.124285
0.323112
0.463092
0.788367
0.73503
0.658878
0.976531
0.684862
0.185396
0.326721
0.275153
0.632487
0.0408491
0.0551879
0.709128
0.644907
0.4686
0.746025
0.327202
0.102337
0.381013
0.506529
0.610592
0.869152
0.335101
0.450969
0.487541
0.885032
0.459357
0.00236825
0.192467
0.583642
0.32548
0.655559
0.372009
0.0605104
0.314437
0.34854
0.745372
0.499834
0.675261
0.0205254
0.13232
0.716111
0.0757133
0.841448
0.361018
0.544313
0.587473
0.68822
0.64665
0.968485
0.19475
0.257242
0.837638
0.52985
0.708211
0.325178
0.414882
0.167569
0.327546
0.607349
0.751211
0.653027
0.262908
0.12322
0.713537
0.577345
0.47176
0.458909
0.0771786
0.147022
0.479434
0.209499
0.863132
0.555147
0.0509465
0.22415
0.0994604
0.638419
0.91237
0.746111
0.606905
0.10712
0.00335299
0.444542
0.63697
0.711564
0.76972
0.051852
0.879133
0.0972666
0.659201
0.630344
0.750293
0.922109
0.753564
0.46383
0.499454
0.225324
0.922739
0.576633
0.372346
0.402173
0.786131
0.235479
0.957321
0.837078
0.459629
0.0567811
0.475497
0.371999
0.802892
0.0824016
0.479119
0.806245
0.526944
0.116089
0.517809
0.296664
0.167941
0.396942
0.393931
0.827142
0.0272864
0.144224
0.749251
0.780851
0.608054
0.248704
0.00617502
0.530793
0.825337
0.378521
0.932966
0.611468
0.614
0.890287
0.448546
0.0736284
0.947068
0.924043
0.445627
0.749959
0.0064449
0.924746
0.556204
0.533389
0.0408344
0.0740132
0.830052
0.208775
0.470956
0.223983
0.0359168
0.498242
0.368207
0.785167
0.279093
0.97626
0.0338717
0.285268
0.507053
0.859209
0.663789
0.440019
0.470677
0.277789
0.330306
0.919223
0.351417
0.277373
0.843267
0.797044
0.0273324
0.849712
0.72179
0.583536
0.3831
0.762624
0.65755
0.213153
0.9714
0.128505
0.437136
0.0073163
0.626747
0.805342
0.792484
0.90584
0.781603
0.826355
0.191107
0.288656
0.685564
0.854896
0.728675
0.156241
0.132685
0.0589805
0.0754648
0.484102
0.336354
0.918732
0.281146
0.363686
0.768443
0.00293597
0.947223
0.151543
0.76556
0.604772
0.364696
0.73696
0.733278
0.801832
0.744276
0.360025
0.607174
0.53676
0.265865
0.388777
0.363115
0.456972
0.677433
0.0486792
