32 32
0.311868
0.406108
0.204921
0.444553
0.465089
0.280385
0.928655
0.801442
0.199117
0.209801
0.165128
0.96756
0.212737
0.112351
0.119104
0.978297
0.717123
0.4838
0.715257
0.450401
0.285632
0.459533
0.810426
0.892806
0.996293
0.0762902
0.281583
0.359408
0.533262
0.959016
0.408088
0.845131
0.365124
0.613008
0.289684
0.830212
0.893394
0.218339
0.631655
0.0925104
0.42814
0.796783
0.0600705
0.640876
0.909134
0.179174
0.619174
0.626257
0.662974
0.334431
0.0766576
0.948606
0.793964
0.887083
0.841411
0.790258
0.963373
0.122994
0.149666
0.496636
0.0820102
0.557754
0.341766
0.447134
0.170762
0.63145
0.277347
0.0641555
0.849789
0.909001
0.156666
0.277928
0.705784
0.216736
0.918805
0.614918
0.39591
0.537978
0.241175
0.0588843
0.872409
0.317833
0.00748984
0.666374
0.204916
0.848901
0.456631
0.168289
0.971895
0.606298
0.664925
0.0539056
0.164051
0.00669068
0.50104
0.334813
0.638141
0.778386
0.398969
0.487929
0.687388
0.555635
0.765857
0.393172
0.772371
0.684662
0.00808986
0.168282
0.22264
0.249265
0.227166
0.0950494
0.567097
0.234656
0.761423
0.772013
0.083557
0.218055
0.940302
0.0554524
0.824352
0.605227
0.109358
0.988404
0.611917
0.610398
0.323217
0.250058
0.388784
0.722186
0.737987
0.0761715
0.277821
0.503844
0.469343
0.0501916
0.188506
0.477433
0.218473
0.411146
0.726698
0.445639
0.506195
0.293795
0.680295
0.267618
0.0658085
0.763852
0.485673
0.00611055
0.819304
0.310025
0.611337
0.928662
0.298429
0.223254
0.53906
0.621646
0.473312
0.927844
0.343831
0.211299
0.00401541
0.621652
0.715143
0.473359
0.671843
0.903649
0.950792
0.890317
0.314795
0.67749
0.335956
0.82099
0.971285
0.0162507
0.0886084
0.0370937
0.780103
0.574281
0.0432043
0.599407
0.884306
0.654541
0.528069
0.182735
0.877796
0.067129
0.804381
0.351108
0.994973
0.148212
0.562407
0.998988
0.769864
0.27755
0.472347
0.441707
0.181199
0.423139
0.332024
0.495994
0.100629
0.66798
0.316984
0.0719139
0.68423
0.405592
0.109008
0.464333
0.979873
0.152212
0.0637398
0.86418
0.806753
0.591809
0.046915
0.684549
0.658938
0.851296
0.0356569
0.653911
0.999508
0.598064
0.652899
0.769371
0.875614
0.125246
0.211079
0.0568127
0.548385
0.543103
0.552806
0.649014
0.211083
0.86979
0.720927
0.895313
0.275382
0.829935
0.359646
0.255256
0.982147
0.423386
0.119436
0.7889
0.0151946
0.166351
0.473449
0.674132
0.0176464
0.509106
0.328043
0.017154
0.10717
0.980942
0.786525
0.982784
0.106188
0.997604
0.0395963
0.654573
0.540707
0.592403
0.303587
0.751789
0.462193
0.0245145
0.647102
0.737575
0.85445
0.00674842
0.992831
0.836597
0.430134
0.112267
0.625497
0.445329
0.278618
0.0989461
0.119461
0.296264
0.608052
0.447504
0.313418
0.715222
0.428447
0.0999434
0.698006
0.534635
0.0975477
0.737602
0.189209
0.638255
0.330005
0.492796
0.390044
0.792198
0.51731
0.0371466
0.529773
0.37176
0.043895
0.522604
0.208356
0.474029
0.634871
0.833853
0.919358
0.913489
0.932799
0.0388192
0.209753
0.540852
0.486324
0.523171
0.256073
0.91477
0.623114
0.954079
0.449406
0.720662
0.691681
0.638614
0.358916
0.0216857
0.13141
0.748961
0.813883
0.64872
0.786107
0.343656
0.0204801
0.830002
0.866261
0.228837
0.304031
0.501132
0.0626899
0.223389
0.41462
0.995489
0.262208
0.624373
0.536341
0.748532
0.147544
0.792414
0.663303
0.770658
0.746493
0.112708
0.49132
0.438174
0.751323
0.850236
0.45986
0.882733
0.599197
0.273743
0.531453
0.385304
0.6174
0.551933
0.215306
0.483661
0.78077
0.519337
0.984792
0.843459
0.742727
0.399413
0.838949
0.00493503
0.0237859
0.375289
0.753467
0.17133
0.167704
0.41677
0.941988
0.914197
0.529478
0.433307
0.352371
0.280801
0.283544
0.812231
0.163534
0.88274
0.0859748
0.694986
0.268044
0.703375
0.246919
0.48335
0.187035
0.027689
0.00268739
0.171827
0.871148
0.745414
0.57124
0.710097
0.750349
0.595026
0.0853865
0.503816
0.766356
0.25309
0.920586
0.708343
0.167287
0.450064
0.141651
0.519658
0.730865
0.425194
0.33189
0.894399
0.307935
0.417864
0.589385
0.575979
0.121239
0.836305
0.059329
0.308274
0.863994
0.0620164
0.480102
0.735142
0.80743
0.0513418
0.445239
0.557779
0.646368
0.530626
0.0615954
0.412724
0.783716
0.982181
0.121067
0.951003
0.432246
0.262718
0.470661
0.163111
0.687912
0.802551
0.0575092
0.995847
0.220415
0.646894
0.571826
0.341654
0.483199
0.631155
0.649928
0.347193
0.693171
0.13003
0.0823347
0.500601
0.181372
0.527574
0.0583805
0.827739
0.0581996
0.119976
0.240463
0.841915
0.102157
0.36153
0.792918
0.534403
0.624248
0.26358
0.697513
0.31216
0.0661303
0.755023
0.308007
0.286545
0.401917
0.879832
0.6282
0.885116
0.510987
0.278128
0.232309
0.204158
0.408158
0.314643
0.704759
0.589529
0.842217
0.76314
0.417269
0.900417
0.883116
0.657732
0.742332
0.985273
0.0192614
0.535251
0.519676
0.643509
0.79883
0.217189
0.955669
0.864961
0.972212
0.263676
0.151506
0.374129
0.143508
0.779705
0.259245
0.654495
0.0578332
0.491553
0.858653
0.465991
0.806197
0.563413
0.0555199
0.648414
0.326552
0.472788
0.548831
0.209668
0.13052
0.291163
0.194941
0.149781
0.826413
0.714617
0.793291
0.625244
0.931807
0.74896
0.490204
0.904019
0.0126352
0.64171
0.278148
0.156143
0.421415
0.537393
0.810638
0.479249
0.0289461
0.669291
0.945239
0.835143
0.232704
0.000759326
0.483557
0.559256
0.473548
0.0323871
0.768925
0.604068
0.32355
0.963866
0.753849
0.149963
0.678483
0.54714
0.775207
0.61029
0.296099
0.265411
0.514308
0.308735
0.907121
0.792456
0.464878
0.328536
0.329849
0.275516
0.807785
0.358795
0.944808
0.753025
0.193938
0.177511
0.753784
0.677494
0.736768
0.227332
0.709881
0.505692
0.831399
0.0334312
0.469558
0.585249
0.183394
0.148041
0.132389
0.958601
0.758331
0.428488
0.224012
0.272639
0.737223
0.131133
0.0650952
0.202101
0.45967
0.394944
0.477617
0.267455
0.753739
0.422424
0.0204792
0.947676
0.599936
0.774263
0.62517
0.336704
0.00159473
0.335052
0.842396
0.832994
0.368483
0.311954
0.418243
0.551877
0.459995
0.550632
0.510479
0.218326
0.97912
0.734491
0.490966
0.716343
0.865624
0.556061
0.918443
0.325294
0.951005
0.39606
0.592749
0.704743
0.818485
0.613228
0.652419
0.418421
0.387491
0.27759
0.755124
0.389086
0.612642
0.59752
0.22208
0.981125
0.909474
0.640323
0.533002
0.36947
0.190955
0.0434808
0.587796
0.170074
0.777972
0.0787619
0.886417
0.643596
0.634823
0.80486
0.96889
0.585827
0.200921
0.561638
0.29057
0.0194053
0.174866
0.94299
0.437826
0.562357
0.22058
0.19295
0.951443
0.833221
0.79047
0.173523
0.814346
0.699945
0.813845
0.347348
0.0694147
0.00479996
0.390829
0.657211
0.174874
0.168801
0.735973
0.0612915
0.812397
0.370796
0.866152
0.781287
0.956623
0.0670726
0.342925
0.247193
0.0864779
0.517791
0.190183
0.524304
0.0801482
0.410763
0.717254
0.0315909
0.243984
0.507724
0.205113
0.0583301
0.207669
0.0189588
0.405678
0.277083
0.0237588
0.796507
0.934294
0.198633
0.965308
0.670267
0.259925
0.777704
0.041063
0.126077
0.558991
0.997686
0.193149
0.901916
0.244879
0.279627
0.419707
0.435062
0.803931
0.499855
0.845825
0.521184
0.531446
0.0898095
0.0289084
0.73656
0.14814
0.236577
0.755518
0.553818
0.513661
0.779277
0.350325
0.447955
0.97791
0.315632
0.118222
0.237835
0.0933367
0.159285
0.363912
0.652328
0.156971
0.557061
0.554243
0.401851
0.836688
0.97395
0.836913
0.640619
0.473806
0.682738
0.161803
0.00525192
0.772548
0.190712
0.741812
0.920688
0.427289
0.49733
0.474505
0.94095
0.276607
0.82483
0.388905
0.254518
0.140463
0.507127
0.492353
0.233799
0.666413
0.856265
0.886127
0.823384
0.413326
0.44037
0.225235
0.250014
0.414321
0.0621476
0.890633
0.888126
0.744886
0.0524363
0.893378
0.517434
0.243148
0.63519
0.438122
0.670437
0.13252
0.912627
0.611387
0.409127
0.737457
0.000291339
0.663645
0.87792
0.507418
0.155998
0.111719
0.173831
0.0122631
0.997846
0.997215
0.425589
0.438216
0.22245
0.675603
0.852537
0.284597
0.566236
0.740663
0.0294832
0.618672
0.634042
0.546917
0.86182
0.269232
0.985039
0.532258
0.401752
0.897666
0.143644
0.810879
0.635123
0.143936
0.474524
0.513043
0.651354
0.630522
0.624762
0.825185
0.642786
0.622607
0.8224
0.0683745
0.0608236
0.0448494
0.743977
0.91336
0.329447
0.310213
0.654024
0.35893
0.928886
0.288065
0.905847
0.790706
0.557297
0.890886
0.322964
0.959048
0.788552
0.466608
0.769927
0.423675
0.610543
0.244452
0.936717
0.261897
0.874974
0.561479
0.0870823
0.51776
0.184086
0.909482
0.586134
0.24491
0.954332
0.330112
0.15827
0.283778
0.640325
0.812294
0.642708
0.569211
0.100359
0.548555
0.359917
0.657656
0.439441
0.68288
0.616705
0.227992
0.149488
0.386632
0.651667
0.760031
0.631084
0.588384
0.0219286
0.506058
0.149863
0.109011
0.0238178
0.33395
0.0184932
0.609952
0.57886
0.972825
0.940064
0.73713
0.256603
0.580389
0.549424
0.899311
0.149599
0.649783
0.447866
0.509516
0.30744
0.887306
0.192396
0.924144
0.115299
0.341884
0.310777
0.766965
0.101916
0.94186
0.355349
0.123844
0.447918
0.505212
0.232855
0.471736
0.839162
0.251348
0.0816881
0.418021
0.224173
0.0217519
0.155151
0.480776
0.602141
0.704576
0.380087
0.75174
0.354359
0.827953
0.261256
0.661799
0.71526
0.453653
0.585943
0.830558
0.795537
0.896719
0.597523
0.897452
0.83858
0.952873
0.0212966
0.286498
0.458085
0.254152
0.758234
0.297247
0.5055
0.839922
0.715269
0.729673
0.861674
0.87042
0.21045
0.463815
0.574996
0.590537
0.215555
0.929354
0.41849
0.476812
0.591153
0.13375
0.930464
0.177096
0.964308
0.726001
0.0738155
0.561831
0.623454
0.912395
0.514704
0.64475
0.198893
0.972789
0.898902
0.957128
0.270036
0.404402
0.79705
0.985305
0.134076
0.658725
0.855725
0.344525
0.12254
0.430721
0.935062
