64 64
0.375249
0.819483
0.318488
0.969636
0.511426
0.833244
0.0610773
0.655466
0.871433
0.976333
0.435188
0.988344
0.883589
0.0774639
0.39754
0.588895
0.0384228
0.82653
0.324371
0.168205
0.704769
0.624724
0.614133
0.949158
0.745973
0.0550455
0.560848
0.771614
0.661919
0.549371
0.413907
0.0371681
0.368854
0.732395
0.00680446
0.88028
0.565639
0.0678818
0.535745
0.437072
0.0442145
0.970933
0.425417
0.927803
0.0483974
0.822957
0.516698
0.0868202
0.649487
0.841069
0.255025
0.354256
0.465793
0.869158
0.303414
0.211766
0.924204
0.864261
0.98338
0.586122
0.413632
0.397286
0.62329
0.782486
0.129681
0.630095
0.662765
0.69532
0.697977
0.198511
0.132393
0.742191
0.169444
0.55781
0.669994
0.217842
0.380766
0.186692
0.304662
0.0302535
0.0277608
0.559687
0.384509
0.493554
0.428845
0.687923
0.705319
0.353048
0.552185
0.688699
0.939171
0.965817
0.0859853
0.562461
0.748302
0.215667
0.192556
0.411067
0.910987
0.890533
0.609578
0.0433795
0.632724
0.779022
0.601189
0.302718
0.996864
0.981956
0.48941
0.301526
0.0122091
0.517171
0.861212
0.396718
0.0107247
0.290057
0.0846416
0.716044
0.643105
0.636826
0.404743
0.582276
0.602643
0.490729
0.144737
0.350945
0.706395
0.337292
0.762012
0.617382
0.227825
0.37159
0.660761
0.860549
0.150613
0.26195
0.163267
0.147477
0.243906
0.652677
0.449003
0.256115
0.169847
0.310215
0.652834
0.180572
0.600272
0.737475
0.896616
0.243377
0.374301
0.301359
0.825653
0.976944
0.792088
0.970389
0.327889
0.498483
0.307682
0.0899012
0.115865
0.535507
0.461492
0.776626
0.396055
0.612104
0.0385769
0.559322
0.759581
0.282483
0.211999
0.208584
0.538598
0.381846
0.518799
0.191432
0.562418
0.11907
0.928907
0.459034
0.362447
0.303208
0.760394
0.1881
0.280153
0.552482
0.158489
0.608042
0.050965
0.466171
0.697943
0.16683
0.00167714
0.159434
0.943456
0.397732
0.771539
0.982033
0.957054
0.53112
0.264516
0.169053
0.739704
0.803114
0.550899
0.258502
0.994546
0.113317
0.377572
0.923453
0.572351
0.74002
0.226661
0.332745
0.92812
0.506814
0.885227
0.0866085
0.114855
0.936192
0.552779
0.812798
0.103022
0.554456
0.972233
0.0464788
0.952189
0.743771
0.0285121
0.909243
0.274891
0.293028
0.0782958
0.014595
0.0961427
0.629195
0.273097
0.0906886
0.742512
0.65067
0.0141415
0.314863
0.390689
0.240803
0.647608
0.318809
0.747616
0.532836
0.405417
0.862472
0.469028
0.958196
0.67527
0.57205
0.512653
0.647503
0.618529
0.464841
0.391274
0.647041
0.374084
0.666166
0.940069
0.45238
0.680761
0.0362121
0.0815746
0.953858
0.126901
0.824086
0.604527
0.141042
0.138949
0.995217
0.381845
0.786558
0.314025
0.129461
0.319393
0.719443
0.991933
0.788421
0.677639
0.667203
0.360472
0.190292
0.314706
0.979001
0.655133
0.70598
0.626042
0.0292173
0.372146
0.566111
0.481597
0.0529066
0.602323
0.563172
0.00676431
0.729224
0.387258
0.611292
0.870266
0.526208
0.606508
0.252111
0.312765
0.920534
0.381573
0.632159
0.639976
0.373506
0.42058
0.317616
0.0407094
0.781052
0.507908
0.355416
0.760052
0.163041
0.0613961
0.386094
0.192258
0.433542
0.952205
0.673855
0.486449
0.554529
0.237027
0.493213
0.283753
0.624286
0.104505
0.154019
0.150493
0.711013
0.40613
0.463259
0.631546
0.787703
0.0954174
0.271523
0.161209
0.515998
0.589139
0.201919
0.297049
0.0970464
0.557334
0.0571015
0.260087
0.61873
0.443196
0.452345
0.0522723
0.395401
0.126201
0.538721
0.949929
0.363228
0.0319341
0.233682
0.987514
0.136439
0.387701
0.138007
0.847452
0.793831
0.601266
0.478998
0.581535
0.696683
0.750521
0.742744
0.212681
0.339659
0.944662
0.50973
0.436706
0.501996
0.566831
0.696793
0.120726
0.010027
0.149138
0.172999
0.405428
0.275339
0.71172
0.355357
0.638567
0.743654
0.589039
0.626081
0.880093
0.97674
0.764088
0.727544
0.770572
0.365354
0.206542
0.352106
0.0620374
0.957063
0.09485
0.274718
0.296722
0.039512
0.784448
0.733428
0.541508
0.35128
0.430221
0.662235
0.361307
0.579359
0.835233
0.766734
0.854698
0.546953
0.122092
0.493266
0.290607
0.711131
0.119347
0.1707
0.687871
0.883435
0.898244
0.458443
0.248789
0.104786
0.810549
0.310827
0.0618491
0.905399
0.585545
0.358571
0.944911
0.369993
0.0919994
0.48642
0.721273
0.52222
0.148654
0.0825793
0.10158
0.983888
0.849314
0.956278
0.530841
0.971405
0.449544
0.821448
0.682536
0.568891
0.992148
0.370407
0.452326
0.890393
0.82885
0.701115
0.995179
0.639399
0.0119421
0.0570279
0.544799
0.597487
0.415599
0.48971
0.96748
0.507599
0.97613
0.688753
0.0298189
0.124784
0.771332
0.131399
0.108672
0.620646
0.0876766
0.639513
0.592051
0.53722
0.460961
0.274587
0.106111
0.45311
0.644994
0.558437
0.343502
0.473844
0.259552
0.338681
0.113243
0.271494
0.395709
0.658042
0.868981
0.811308
0.147752
0.836462
0.318907
0.123882
0.525214
0.348726
0.248666
0.296546
0.480125
0.357338
0.917192
0.567801
0.996851
0.509243
0.105022
0.457812
0.78383
0.211133
0.910922
0.428824
0.76957
0.254425
0.902668
0.0291218
0.593106
0.0159113
0.300616
0.988815
0.673953
0.169598
0.800124
0.821706
0.00605922
0.119031
0.945588
0.531274
0.467757
0.194253
0.82782
0.947881
0.551591
0.745012
0.515682
0.548442
0.254255
0.620704
0.00625429
0.0380852
0.831836
0.917176
0.466909
0.601406
0.171601
0.369577
0.630528
0.764707
0.385488
0.931144
0.753522
0.0594418
0.100742
0.553646
0.881147
0.106801
0.672676
0.826735
0.638074
0.140433
0.0209884
0.465895
0.088314
0.57258
0.210907
0.603996
0.121022
0.465162
0.2247
0.127276
0.503247
0.0565366
0.0444524
0.970156
0.657943
0.216053
0.339733
0.28847
0.980761
0.725222
0.219614
0.734283
0.784663
0.320356
0.287929
0.665811
0.427157
0.960605
0.492546
0.0652314
0.101038
0.513534
0.531126
0.189352
0.0861138
0.742033
0.793348
0.207135
0.207195
0.0180484
0.334411
0.710442
0.074585
0.378864
0.680598
0.732528
0.594917
0.0203317
0.0209981
0.575678
0.745553
0.240613
0.309961
0.530217
0.560969
0.597889
0.196028
0.988126
0.558494
0.688574
0.053357
0.659532
0.202108
0.584483
0.848884
0.288222
0.326516
0.642232
0.495357
0.53371
0.660281
0.829768
0.244152
0.734866
0.208632
0.924751
0.467393
0.803549
0.945082
0.488392
0.379227
0.690636
0.729004
0.689187
0.220853
0.289973
0.287076
0.41688
0.278098
0.845571
0.105454
0.331455
0.505103
0.307562
0.915938
0.353987
0.595783
0.242454
0.996219
0.0911401
0.776164
0.6565
0.920908
0.0203163
0.391366
0.12954
0.945067
0.858759
0.933089
0.890149
0.34715
0.312316
0.580785
0.0761545
0.0015033
0.801638
0.366127
0.28858
0.218518
0.644225
0.13415
0.323972
0.975681
0.639253
0.631534
0.891619
0.99324
0.227317
0.134073
0.989459
0.318457
0.910237
0.645958
0.239366
0.930553
0.0373239
0.368906
0.87562
0.896083
0.301995
0.765769
0.243233
0.614311
0.346554
0.319388
0.615814
0.148192
0.685515
0.904394
0.366711
0.329741
0.0385444
0.690683
0.305421
0.677797
0.322217
0.19704
0.671037
0.549534
0.331113
0.660495
0.867991
0.241349
0.306454
0.107356
0.171902
0.343778
0.476262
0.0475216
0.23986
0.778257
0.813291
0.483094
0.392569
0.159845
0.802482
0.00838315
0.308037
0.487997
0.912777
0.674748
0.817737
0.951322
0.365431
0.123158
0.629119
0.687647
0.320198
0.300156
0.237181
0.651311
0.960651
0.105172
0.89266
0.267105
0.212528
0.0645619
0.610882
0.68879
0.112084
0.850743
0.467048
0.925374
0.333836
0.859617
0.0852193
0.136318
0.868
0.393257
0.624315
0.780777
0.0680044
0.442052
0.732099
0.433435
0.565211
0.361218
0.121082
0.885409
0.661373
0.358263
0.53672
0.622024
0.463434
0.42938
0.889129
0.675963
0.493942
0.500011
0.364753
0.606026
0.350754
0.831801
0.5314
0.68459
0.691417
0.616619
0.820909
0.559417
0.00987592
0.445223
0.340194
0.0778803
0.887276
0.0722928
0.511315
0.452486
0.43351
0.632397
0.337895
0.0948838
0.99066
0.874616
0.716908
0.454095
0.303996
0.606037
0.130057
0.797938
0.106048
0.49481
0.403964
0.456802
0.326611
0.935364
0.141393
0.0180283
0.551983
0.962301
0.577445
0.561859
0.407525
0.917639
0.639739
0.294801
0.989932
0.151054
0.747287
0.423443
0.783452
0.0851821
0.518326
0.774112
0.959798
0.235235
0.228206
0.263793
0.841272
0.358263
0.0617313
0.94732
0.853073
0.465695
0.404123
0.179684
0.401058
0.545516
0.197713
0.953041
0.507817
0.775158
0.5149
0.915342
0.692797
0.154639
0.210142
0.68273
0.305694
0.957429
0.106172
0.0891454
0.0426113
0.624499
0.863257
0.0024089
0.859733
0.0914634
0.266202
0.701005
0.449727
0.327934
0.648325
0.3028
0.793628
0.0524481
0.482484
0.194687
0.597964
0.680197
0.147728
0.105781
0.455355
0.662628
0.0211227
0.148152
0.817268
0.231265
0.830882
0.122962
0.188694
0.937054
0.212107
0.231306
0.561553
0.0753641
0.233715
0.421286
0.166828
0.499917
0.122291
0.616554
0.82785
0.770617
0.919354
0.621479
0.823065
0.401839
0.816166
0.421028
0.0820359
0.963894
0.526809
0.537391
0.626522
0.547932
0.685543
0.44379
0.779197
0.516425
0.566752
0.967891
0.453479
0.778859
0.199197
0.0150314
0.854223
0.432912
0.436317
0.0210502
0.932829
0.558609
0.637605
0.760679
0.329225
0.556959
0.382158
0.15229
0.958798
0.198324
0.573318
0.0408338
0.162217
0.100127
0.578225
0.78874
0.648059
0.263768
0.23253
0.427256
0.780192
0.799282
0.395148
0.233671
0.57814
0.594345
0.248703
0.432363
0.0272566
0.68502
0.453413
0.960085
0.243628
0.0910178
0.720764
0.572853
0.647977
0.102922
0.725143
0.606775
0.301246
0.298461
0.647608
0.463463
0.398588
0.225833
0.252203
0.0466472
0.489601
0.484733
0.473903
0.269793
0.284015
0.869051
0.503464
0.862155
0.463396
0.752167
0.294518
0.490652
0.437187
0.747931
0.450737
0.680815
0.838949
0.171502
0.253669
0.486926
0.274424
0.978812
0.0937006
0.575669
0.277273
0.741309
0.0391325
0.675861
0.967142
0.291335
0.722508
0.456743
0.776068
0.196412
0.726536
0.0600832
0.0654627
0.23
0.922238
0.528858
0.982167
0.216756
0.0195105
0.419353
0.964688
0.470248
0.100169
0.803637
0.64175
0.353837
0.290563
0.916173
0.332649
0.384264
0.491843
0.609922
0.125573
0.530975
0.285783
0.0927148
0.822311
0.00829165
0.549458
0.598379
0.204703
0.275993
0.658462
0.270166
0.505993
0.5807
0.799024
0.48816
0.797457
0.818535
0.907513
0.762145
0.288783
0.00768173
0.565782
0.930532
0.361519
0.856345
0.846706
0.694168
0.240609
0.338548
0.30409
0.366182
0.869524
0.589873
0.458897
0.691834
0.598165
0.00835408
0.290213
0.802868
0.284347
0.948675
0.0730343
0.79034
0.529376
0.872059
0.2785
0.326833
0.690594
0.186013
0.0889774
0.979376
0.193695
0.654759
0.909909
0.555214
0.511105
0.756614
0.249382
0.751714
0.0951628
0.553472
0.117895
0.964686
0.143345
0.576792
0.656521
0.74151
0.585146
0.946734
0.544378
0.869493
0.895409
0.617413
0.659834
0.424785
0.489471
0.938334
0.751617
0.180065
0.124347
0.840595
0.159441
0.318042
0.495354
0.0693499
0.873257
0.00645859
0.825964
0.122639
0.758172
0.921127
0.676111
0.876067
0.885814
0.819456
0.452859
0.542334
0.560966
0.0380051
0.489068
0.105344
0.907498
0.384477
0.722757
0.567332
0.809261
0.212228
0.505666
0.560879
0.392293
0.630013
0.401473
0.551735
0.948055
0.896827
0.621085
0.821312
0.903286
0.447049
0.943951
0.661458
0.368176
0.620061
0.537525
0.25399
0.439517
0.990385
0.796324
0.000483325
0.0283896
0.285392
0.105828
0.935888
0.669869
0.828585
0.50322
0.47913
0.0408133
0.00888554
0.0400086
0.433107
0.638899
0.441482
0.984841
0.586954
0.338309
0.605926
0.408266
0.241595
0.0529747
0.352217
0.903053
0.421151
0.972278
0.440579
0.67514
0.411795
0.430963
0.471464
0.412279
0.459353
0.756856
0.518106
0.39524
0.426725
0.346691
0.89846
0.905855
0.387505
0.907346
0.945863
0.820611
0.546244
0.387345
0.805452
0.133198
0.725654
0.411378
0.541465
0.967249
0.464353
0.893681
0.870303
0.885504
0.865959
0.310881
0.560644
0.277755
0.741844
0.0321085
0.690033
0.201197
0.788965
0.20814
0.596437
0.215689
0.554831
0.494897
0.121544
0.942335
0.402243
0.0674068
0.762946
0.948487
0.454752
0.568399
0.0816858
0.180406
0.979777
0.62315
0.147655
0.44413
0.516832
0.0179579
0.329634
0.382791
0.328839
0.890278
0.660546
0.070683
0.922386
0.350579
0.27188
0.711351
0.558718
0.868317
0.92704
0.113549
0.363214
0.0485839
0.0558845
0.765457
0.115991
0.818831
0.713944
0.570743
0.38723
0.79563
0.751149
0.367007
0.418781
0.898804
0.811137
0.935612
0.916762
0.140771
0.318404
0.245601
0.0310484
0.978949
0.316284
0.953435
0.329528
0.588164
0.664786
0.888246
0.45648
0.591826
0.00179565
0.819694
0.64041
0.0576801
0.585151
0.756401
0.876511
0.299096
0.327143
0.263741
0.0947263
0.0782917
0.630748
0.513507
0.977096
0.441885
0.44912
0.893858
0.582655
0.767523
0.139458
0.613704
0.746472
0.455742
0.567138
0.0760002
0.0439059
0.231924
0.964247
0.500386
0.82375
0.966042
0.320081
0.46416
0.0237224
0.905232
0.220561
0.900233
0.204328
0.547704
0.163974
0.299054
0.625996
0.794722
0.812561
0.603091
0.236607
0.261681
0.496949
0.819262
0.0292041
0.636408
0.432965
0.775676
0.0921499
0.000103664
0.851676
0.136056
0.232028
0.815923
0.636442
0.0557781
0.781965
0.956523
0.519938
0.805688
0.861755
0.740499
0.705921
0.0660828
0.288203
0.869896
0.365137
0.914199
0.664618
0.177699
0.517291
0.901224
0.43938
0.0142396
0.720486
0.468584
0.650647
0.153452
0.24426
0.742797
0.153555
0.0959367
0.878853
0.385583
0.91186
0.515295
0.441361
0.693825
0.471817
0.9613
0.499513
0.333572
0.701799
0.205434
0.399655
0.990002
0.0753302
0.764792
0.904201
0.739948
0.942491
0.421492
0.641172
0.381871
0.435731
0.361659
0.850454
0.0863782
0.51511
0.0947146
0.829175
0.668665
0.190651
0.708028
0.0542484
0.102511
0.223322
0.49561
0.796336
0.69514
0.456909
0.295849
0.0287117
0.158708
0.501284
0.428367
0.14871
0.576614
0.193159
0.052911
0.316562
0.135649
0.474403
0.957734
0.51752
0.910134
0.319393
0.367974
0.996512
0.834503
0.462689
0.825687
0.503168
0.65334
0.533715
0.557417
0.755851
0.757038
0.0530263
0.552187
0.452177
0.509935
0.848037
0.480889
0.668643
0.349321
0.909256
0.817353
0.925935
0.102414
0.870264
0.242497
0.238064
0.344667
0.200231
0.755583
0.2548
0.519624
0.123558
0.251313
0.354127
0.586247
0.0769997
0.857296
0.239587
0.610715
0.414712
0.995438
0.367752
0.467738
0.547626
0.81993
0.977674
0.395662
0.300819
0.646317
0.744983
0.210074
0.46367
0.670918
0.312489
0.333934
0.913415
0.550552
0.678601
0.113646
0.306136
0.933401
0.63327
0.429693
0.184714
0.987397
0.0159402
0.261713
0.844693
0.255527
0.872428
0.259405
0.250965
0.24018
0.727144
0.798591
0.0601101
0.704817
0.194253
0.360929
0.351134
0.939236
0.571003
0.814804
0.610154
0.883492
0.148738
0.523569
0.434044
0.827339
0.637215
0.740179
0.76074
0.270485
0.169873
0.945454
0.257883
0.185813
0.207167
0.102575
0.44134
0.0795952
0.36198
0.692305
0.319776
0.089124
0.490896
0.379886
0.793941
0.685149
0.740815
0.145076
0.624385
0.311818
0.95988
0.23454
0.195309
0.108618
0.758109
0.629353
0.935957
0.395324
0.369533
0.696697
0.66581
0.539406
0.642151
0.923693
0.725219
0.849318
0.026268
0.166559
0.928913
0.388248
0.858864
0.248689
0.477372
0.34976
0.628575
0.271314
0.0349088
0.369389
0.416389
0.659294
0.681207
0.376269
0.893834
0.876517
0.484887
0.651943
0.50587
0.420845
0.0472678
0.875403
0.117542
0.713078
0.414808
0.759693
0.63677
0.140027
0.609011
0.663038
0.306585
0.537925
0.0512866
0.165449
0.786614
0.528659
0.515209
0.415189
0.799973
0.550117
0.784578
0.216362
0.209412
0.465785
0.592631
0.103246
0.342302
0.0775186
0.755189
0.848171
0.498363
0.802457
0.723574
0.615905
0.515535
0.138382
0.375598
0.152305
0.278409
0.98461
0.815343
0.584994
0.522534
0.86663
0.750443
0.309148
0.395289
0.265651
0.724337
0.195261
0.815769
0.508915
0.411623
0.0251806
0.9747
0.0042545
0.128426
0.317001
0.0817731
0.883616
0.165173
0.580136
0.686073
0.888747
0.196042
0.201607
0.0271286
0.57164
0.353912
0.305537
0.55625
0.169255
0.890531
0.0787842
0.0358848
0.640974
0.387932
0.431173
0.906625
0.112269
0.626435
0.722394
0.621183
0.038058
0.747575
0.595883
0.0423125
0.876001
0.912884
0.124086
0.759617
0.0780568
0.704222
0.445689
0.966803
0.900264
0.647297
0.993932
0.471904
0.0012089
0.299469
0.0281537
0.170464
0.19
0.106938
0.206349
0.830974
0.49487
0.637522
0.737599
0.607139
0.263957
0.459993
0.228322
0.302015
0.207568
0.824205
0.344327
0.0835687
0.73709
0.468413
0.843185
0.815146
0.172635
0.288875
0.78195
0.0728988
0.936172
0.775882
0.544803
0.93738
0.0753512
0.572956
0.107845
0.265351
0.679894
0.314193
0.0963252
0.174764
0.951716
0.833924
0.781904
0.215673
0.293917
0.010226
0.517687
0.501485
0.834431
0.862015
0.585053
0.571521
0.330428
0.428239
0.386667
0.503063
0.717114
0.168617
0.575962
0.653285
0.944499
0.120764
0.590666
0.0198504
0.693721
0.69851
0.285202
0.373615
0.0127036
0.381527
0.54838
0.964419
0.215451
0.330283
0.180092
0.509368
0.340509
0.697779
0.0108529
0.17494
0.559794
0.595906
0.746461
0.890222
0.024145
0.133129
0.393285
0.741259
0.301746
0.969247
0.394544
0.246245
0.0900109
0.985209
0.266096
0.783732
0.68372
0.551297
0.157347
0.696423
0.932824
0.705726
0.660842
0.148275
0.0360096
0.840934
0.657644
0.376519
0.538714
0.668496
0.551459
0.0985077
0.264403
0.297921
0.98873
0.288548
0.431049
0.382015
0.0298061
0.732795
0.351261
0.42435
0.979041
0.441272
0.409559
0.245136
0.225004
0.0932788
0.796434
0.382351
0.789702
0.729258
0.0880771
0.450544
0.877533
0.124087
0.291479
0.535177
0.500605
0.830192
0.203673
0.0520645
0.9287
0.468076
0.349985
0.91743
0.756623
0.781034
0.299444
0.78643
0.51383
0.650706
0.210779
0.49287
0.0919776
0.620339
0.738006
0.316981
0.713617
0.53444
0.699332
0.503319
0.263698
0.787409
0.953864
0.141231
0.911496
0.245342
0.676408
0.412101
0.0755346
0.880081
0.464166
0.00423456
0.348157
0.814151
0.921664
0.10478
0.595185
0.221109
0.89121
0.109015
0.871814
0.101989
0.601885
0.963792
0.722328
0.339891
0.280773
0.435945
0.874331
0.980105
0.939265
0.138029
0.767515
0.893129
0.27926
0.679011
0.138471
0.955668
0.0911119
0.214006
0.835749
0.555278
0.21824
0.183906
0.369428
0.139904
0.288687
0.964614
0.361013
0.179897
0.0736282
0.232827
0.281886
0.675513
0.196619
0.00421398
0.0154046
0.477392
0.440159
0.889736
0.457497
0.379424
0.0277654
0.225012
0.272553
0.307026
0.904022
0.411024
0.262694
0.995134
0.62503
0.0984434
0.550412
0.84327
0.28235
0.91984
0.983174
0.571036
0.884454
0.344187
0.750933
0.958082
0.577014
0.0328188
0.633595
0.773633
0.0370328
0.649
0.251025
0.477192
0.538736
0.708522
0.856617
0.566501
0.933534
0.129169
0.873527
0.837556
0.540193
0.136221
0.832691
0.165223
0.234664
0.383103
0.00849261
0.517014
0.302943
0.991667
0.0880504
0.187397
0.335854
0.838983
0.145479
0.912868
0.871802
0.779074
0.686501
0.908835
0.428074
0.937526
0.386027
0.96681
0.646048
0.242644
0.533311
0.579582
0.371813
0.406838
0.417139
0.912006
0.543059
0.249829
0.0772293
0.777724
0.632932
0.0857219
0.294738
0.935875
0.0773887
0.382788
0.123271
0.413243
0.221771
0.26875
0.326111
0.0935735
0.0478242
0.012612
0.0024084
0.475898
0.950138
0.388436
0.442708
0.596186
0.631079
0.976019
0.175769
0.00289231
0.382857
0.592907
0.914899
0.925916
0.842737
0.992128
0.70364
0.475669
0.07785
0.998378
0.411543
0.155239
0.381166
0.534815
0.568481
0.602937
0.803565
0.894592
0.696511
0.851389
0.907204
0.698919
0.327287
0.857342
0.0873548
0.769995
0.453528
0.718434
0.746014
0.629297
0.721326
0.128871
0.222204
0.636225
0.0547873
0.0649412
0.628353
0.758427
0.54061
0.706203
0.756805
0.952153
0.861442
0.137971
0.486968
0.429923
0.740908
0.290533
0.324515
0.437419
0.141922
0.231719
0.136338
0.469209
0.0890614
0.223693
0.239204
0.54259
0.942127
0.985218
0.171887
0.663454
0.114089
0.394091
0.299679
0.168876
0.459033
0.928032
0.927303
0.999642
0.634235
0.684108
0.951795
0.495677
0.822079
0.438763
0.9256
0.562988
0.729296
0.250115
0.000406769
0.871217
0.481834
0.136745
0.340426
0.570895
0.360438
0.57963
0.113485
0.302566
0.564847
0.285372
0.966019
0.678936
0.679464
0.265698
0.847812
0.138496
0.19373
0.775115
0.138139
0.827964
0.459223
0.0899342
0.323641
0.281302
0.528697
0.249241
0.84429
0.257993
0.499355
0.844697
0.12921
0.981189
0.981442
0.469636
0.552085
0.34188
0.0492663
0.66557
0.644446
0.614114
0.950942
0.610465
0.29305
0.630406
0.876163
0.140862
0.768903
0.0698929
0.915976
0.907041
0.897857
0.3752
0.996975
0.221498
0.656502
0.525673
0.470739
0.500792
0.783666
0.970094
0.345488
0.912876
0.951284
0.32693
0.382512
0.503369
0.668811
0.431779
0.168939
0.313257
0.0458925
0.119881
0.923722
0.338942
0.750287
0.799885
0.479804
0.51919
0.869778
0.39578
0.426231
0.767636
0.77098
0.423206
0.989134
0.427482
0.948879
0.459873
0.928274
0.732545
0.429967
0.273762
0.645421
0.381251
0.600692
0.0279332
0.88462
0.269503
0.459712
0.0535583
0.58276
0.505604
0.173439
0.506482
0.844547
0.923726
0.306367
0.32435
0.442916
0.176145
0.720131
0.869147
0.943781
0.491111
0.292353
0.932915
0.918592
0.241233
0.392788
0.846866
0.973777
0.822755
0.120628
0.619198
0.204006
0.72132
0.647131
0.0886257
0.990823
0.106843
0.142184
0.573583
0.612448
0.315623
0.080065
0.456994
0.23935
0.386432
0.781345
0.682266
0.562578
0.501476
0.551413
0.506359
0.992586
0.843767
0.439274
0.911179
0.0849991
0.832062
0.758045
0.0587764
0.654817
0.878673
0.677975
0.858823
0.599993
0.325106
0.947449
0.590817
0.431949
0.0896326
0.1644
0.0443967
0.405256
0.244465
0.501391
0.644606
0.630897
0.282736
0.326872
0.193475
0.784211
0.878285
0.699833
0.776798
0.722051
0.139107
0.687976
0.80705
0.971168
0.446021
0.865827
0.625985
0.324694
0.543801
0.484808
0.924687
0.868907
0.432256
0.515504
0.300856
0.521889
0.679904
0.345253
0.927145
0.924369
0.846644
0.571751
0.555266
0.12938
0.898622
0.748741
0.913591
0.776907
0.448574
0.690389
0.498959
0.587681
0.378365
0.306009
0.558849
0.824387
0.171836
0.184834
0.149081
0.715637
0.669642
0.073768
0.584545
0.101898
0.589272
0.885401
0.623787
0.269176
0.230654
0.550932
0.193545
0.0772977
0.122683
0.748811
0.206677
0.0213053
0.497551
0.120269
0.798213
0.946125
0.810658
0.297171
0.533806
0.189023
0.60318
0.0926553
0.0134095
0.775017
0.27749
0.16249
0.490654
0.947132
0.236258
0.0751987
0.0490303
0.82553
0.9606
0.672818
0.0947061
0.191253
0.22375
0.288251
0.268551
0.346433
0.0370616
0.475228
0.367738
0.534613
0.595497
0.165951
0.480738
0.406155
0.463122
0.0145442
0.595178
0.0663022
0.107199
0.608587
0.841319
0.384689
0.771077
0.331973
0.331821
0.00733543
0.407171
0.380851
0.832866
0.367771
0.0536691
0.927572
0.559024
0.277419
0.215823
0.827575
0.623852
0.252884
0.302804
0.99159
0.787497
0.898301
0.15754
0.268235
0.304456
0.620662
0.282779
0.899633
0.686964
0.389979
0.508221
0.528283
0.774668
0.279298
0.860256
0.106489
0.286633
0.267427
0.48734
0.119499
0.635198
0.54101
0.0470705
0.194223
0.818428
0.262893
0.0217979
0.44228
0.515777
0.324602
0.43387
0.303274
0.222903
0.59141
0.57151
0.527359
0.212072
0.854289
0.426992
0.899036
0.244268
0.935212
0.427319
0.0189363
0.21451
0.287575
0.125425
0.501144
0.555002
0.612766
0.620642
0.1902
0.153776
0.667713
0.384422
0.972204
0.930606
0.40622
0.414484
0.446383
0.730822
0.848354
0.749658
0.953725
0.439764
0.321167
0.481084
0.651836
0.175457
0.908076
0.550872
0.419725
0.843288
0.978191
0.438661
0.0577982
0.265765
0.564087
0.558942
0.820767
0.176853
0.179584
0.0109666
0.330628
0.847297
0.395389
0.302832
0.777903
0.801609
0.717316
0.224286
0.532431
0.56567
0.973944
0.486156
0.00543407
0.295111
0.96724
0.65727
0.470568
0.875315
0.208141
0.890293
0.718603
0.186332
0.328954
0.776401
0.452097
0.893041
0.335343
0.272864
0.0698932
0.514927
0.28383
0.400521
0.362224
0.679219
0.703354
0.140127
0.480828
0.42067
0.364413
0.0132595
0.98634
0.338357
0.499416
0.991774
0.633468
0.466656
0.649044
0.104036
0.341971
0.857185
0.994329
0.0605741
0.0435171
0.323283
0.836976
0.495614
0.216324
0.172319
0.768478
0.286217
0.687246
0.052308
0.686738
0.0494704
0.731527
0.390092
0.189598
0.212355
0.810761
0.554011
0.225615
0.797102
0.892368
0.725031
0.788876
0.525836
0.191686
0.43792
0.629873
0.533657
0.295105
0.624202
0.594231
0.338622
0.947485
0.431207
0.834236
0.163808
0.603525
0.602714
0.450025
0.290772
0.655022
0.136763
0.340242
0.386549
0.526854
0.529839
0.598904
0.337616
0.0838503
0.824519
0.134717
0.976218
0.54955
0.923593
0.502055
0.741236
0.361513
0.131927
0.274893
0.656617
0.756129
0.869124
0.995239
0.703613
0.300331
0.829475
0.867421
0.903857
0.432188
0.317446
0.194628
0.08721
0.454209
0.53487
0.473759
0.981063
0.0647096
0.0726629
0.318679
0.14856
0.897182
0.453396
0.124778
0.446732
0.376989
0.626833
0.187968
0.738502
0.75876
0.462862
0.395119
0.514889
0.331986
0.390358
0.218502
0.632317
0.219833
0.085923
0.536174
0.652021
0.403369
0.730802
0.739231
0.857578
0.265672
0.21299
0.838641
0.330382
0.285653
0.15732
0.478942
0.182835
0.610716
0.60372
0.629567
0.987705
0.230553
0.817535
0.726207
0.989313
0.280397
0.121326
0.504201
0.612383
0.511685
0.722703
0.2447
0.731518
0.808626
0.780874
0.383539
0.211995
0.511676
0.122771
0.0695728
0.777349
0.335761
0.908214
0.107731
0.621414
0.0655334
0.586673
0.804249
0.67625
0.190393
0.433816
0.663955
0.420946
0.251351
0.390162
0.410259
0.531748
0.511489
0.91446
0.144131
0.0231731
0.637163
0.388831
0.754691
0.445789
0.169705
0.13823
0.657784
0.681382
0.261
0.727357
0.45873
0.596761
0.635571
0.566461
0.218175
0.701104
0.153134
0.0224237
0.377354
0.343526
0.45624
0.0413086
0.764472
0.707591
0.431471
0.174731
0.23934
0.942959
0.0891907
0.383471
0.966132
0.726354
0.772302
0.720823
0.172143
0.942007
0.859053
0.829927
0.623389
0.120053
0.557284
0.0821194
0.716814
0.192855
0.64858
0.934989
0.893959
0.801714
0.957413
0.271313
0.145241
0.413652
0.312621
0.909713
0.121244
0.744092
0.0844435
0.360583
0.687052
0.173634
0.744054
0.653184
0.899988
0.516356
0.374007
0.0721308
0.458363
0.23306
0.902058
0.0817524
0.353113
0.459342
0.163872
0.0699275
0.652197
0.812452
0.00491653
0.546156
0.614166
0.962329
0.817469
0.759407
0.375982
0.13009
0.66912
0.497225
0.874182
0.753563
0.857808
0.561233
0.927197
0.601862
0.214417
0.827185
0.118218
0.588425
0.899316
0.576582
0.821485
0.801374
0.658334
0.174598
0.260716
0.822206
0.244526
0.912913
0.634658
0.249442
0.459069
0.248824
0.211771
0.276538
0.00823071
0.587753
0.406628
0.67735
0.0849784
0.28081
0.430913
0.942787
0.842043
0.358111
0.544649
0.0564609
0.185296
0.662867
0.644886
0.0846118
0.239449
0.46637
0.885986
0.897783
0.640968
0.146702
0.719988
0.885494
0.0596156
0.354646
0.134936
0.518685
0.60347
0.346707
0.795223
0.611701
0.934461
0.201851
0.289051
0.0194389
0.482661
0.719964
0.962226
0.324704
0.0780749
0.506875
0.381165
0.263371
0.169742
0.0260505
0.347983
0.409191
0.492421
0.233968
0.306974
0.133389
0.380671
0.0269626
0.0188831
0.440286
0.381609
0.153819
0.958971
0.985079
0.500527
0.754194
0.59678
0.434987
0.956045
0.885831
0.454426
0.438706
0.605795
0.416652
0.76341
0.68387
0.923527
0.144575
0.947241
0.0932692
0.170626
0.295224
0.502461
0.663046
0.529192
0.809435
0.796435
0.909863
0.836397
0.815319
0.350149
0.218006
0.969138
0.30912
0.203085
0.469664
0.0633144
0.799865
0.904652
0.0193595
0.685696
0.359078
0.458065
0.291491
0.775729
0.221475
0.975362
0.699256
0.36605
0.922602
0.792525
0.536676
0.217826
0.294986
0.199722
0.747018
0.104421
0.996158
0.656881
0.940818
0.811476
0.00702979
0.158824
0.780614
0.31615
0.361909
0.250278
0.379464
0.161774
0.15493
0.398824
0.84747
0.514008
0.856889
0.138962
0.289737
0.0783646
0.114323
0.988993
0.444415
0.0369255
0.781519
0.981091
0.254752
0.0765048
0.180813
0.00176959
0.180926
0.176971
0.65865
0.121744
0.988447
0.66568
0.280568
0.769061
0.98183
0.642477
0.0193394
0.361295
0.804251
0.174269
0.760119
0.651722
0.688277
0.617008
0.790683
0.978014
0.695372
0.905006
0.967007
0.139787
0.941932
0.748526
0.120878
0.196683
0.825031
0.301691
0.198453
0.00595659
0.478662
0.857103
0.1277
0.467109
0.522783
0.408268
0.23617
0.504614
0.0507451
0.255509
0.865908
0.854997
0.429778
0.626027
0.506718
0.118055
0.243035
0.297402
0.0960696
0.938407
0.202408
0.063077
0.0781945
0.14434
0.811603
0.199073
0.341023
0.636634
0.500764
0.539476
0.642591
0.979426
0.396579
0.770291
0.446535
0.919363
0.178559
0.682704
0.423976
0.229304
0.938213
0.289885
0.0843009
0.367992
0.915911
0.591019
0.486047
0.158946
0.888421
0.582117
0.0973531
0.0908287
0.645194
0.175548
0.235168
0.456797
0.37462
0.576191
0.0934314
0.875384
0.115667
0.736022
0.85481
0.512246
0.506313
0.301344
0.431609
0.684873
0.984049
0.855585
0.914177
0.922262
0.14547
0.998478
0.290254
0.0613811
0.589497
0.776301
0.220327
0.477918
0.358418
0.31768
0.568747
0.0036113
0.493228
0.803915
0.460408
0.867848
0.380106
0.55384
0.743232
0.495773
0.289862
0.598042
0.00801981
0.796175
0.899386
0.439629
0.481048
0.883435
0.295214
0.395225
0.805696
0.440684
0.393703
0.0959501
0.502065
0.9832
0.872251
0.722392
0.461117
0.230668
0.0400723
0.0298639
0.23428
0.5333
0.833779
0.694688
0.401148
0.213885
0.248528
0.14438
0.709658
0.53839
0.742422
0.717678
0.334565
0.641808
0.157307
0.815613
0.525243
0.452521
0.210838
0.330939
0.893205
0.604541
0.426889
0.39527
0.58774
0.29914
0.117662
0.0488578
0.529809
0.157734
0.0787217
0.764088
0.691035
0.9125
0.458776
0.0921827
0.126385
0.707304
0.236563
0.836044
0.245694
0.978985
0.553722
0.580259
0.620793
0.711029
0.395873
0.146036
0.16355
0.606711
0.476975
0.056755
0.211252
0.903864
0.452025
0.798992
0.203004
0.569687
0.84785
0.732813
0.727421
0.926572
0.496901
0.418456
0.839072
0.955678
0.510639
0.965457
0.662982
0.747201
0.801501
0.908676
0.726186
0.355223
0.488935
0.346979
0.066252
0.884808
0.493015
0.229802
0.491519
0.96999
0.286557
0.70277
0.873854
0.738582
0.501763
0.0768583
0.308269
0.349613
0.809671
0.0356903
0.276185
0.306573
0.454146
0.115257
0.26225
0.964785
0.0807141
0.925232
0.711986
0.882215
0.833907
0.438173
0.237438
0.322842
0.785152
0.30369
0.20765
0.278167
0.533492
0.699169
0.248156
0.820049
0.401939
0.12201
0.558631
0.903702
0.198869
0.8669
0.253315
0.00854007
0.90259
0.529499
0.315113
0.356736
0.644756
0.577363
0.321521
0.72547
0.502595
0.0335076
0.607685
0.336502
0.47168
0.845124
0.659345
0.256832
0.148814
0.866995
0.534999
0.682306
0.566163
0.783155
0.502356
0.968103
0.905166
0.0609865
0.871805
0.104034
0.927886
0.12512
0.112574
0.830477
0.654619
0.427687
0.187213
0.299375
0.00504982
0.508734
0.024845
0.507644
0.542242
0.63253
0.844146
0.0139221
0.477654
0.503491
0.270754
0.626468
0.370486
0.805753
0.308775
0.936649
0.588908
0.81113
0.904752
0.494074
0.872117
0.776556
0.598108
0.800003
0.901676
0.710683
0.63048
0.556295
0.13837
0.817693
0.85567
0.143419
0.326427
0.880515
0.651064
0.868669
0.513045
0.49521
0.882591
0.990699
0.998701
0.153345
0.617167
0.369187
0.959098
0.925942
0.305836
0.548006
0.737072
0.210588
0.0420798
0.609189
0.987144
0.640188
0.409192
0.88882
0.350871
0.0396716
0.445114
0.48924
0.857364
0.300784
0.63266
0.183791
0.181299
0.283724
0.0524596
0.694344
0.778934
0.93505
0.685043
0.777635
0.0883954
0.30221
0.146822
0.0474933
0.228153
0.452658
0.595499
0.965225
0.663245
0.637579
0.574414
0.650389
0.277767
0.983606
0.539209
0.628638
0.0232771
0.984323
0.117878
0.880641
0.285108
0.750537
0.0644321
0.466406
0.0342609
0.116892
0.16075
0.813195
0.0519421
0.845793
0.59083
0.140338
0.148003
0.737652
0.187831
0.376156
0.19031
0.78333
0.341381
0.853555
0.420909
0.915794
0.503945
0.698676
0.8994
0.0431537
0.327314
0.922677
0.0274772
0.445192
0.803318
0.312585
0.195729
0.86775
0.778991
0.22999
0.984642
0.939741
0.0431845
0.036584
0.785534
0.634014
0.176922
0.933537
0.371666
0.364752
0.309693
0.561976
0.148083
0.651073
0.415531
0.568992
0.566868
0.919476
0.267668
0.466267
0.96263
0.594982
0.388944
0.990107
0.0401734
0.192262
0.302692
0.235902
0.0600121
0.0816825
0.465892
0.0446539
0.0214233
0.509077
0.0812378
0.806957
0.143091
0.258159
0.740494
0.514757
0.622912
0.0501869
0.0767335
0.770994
0.70126
0.492265
0.339986
0.268128
0.411741
0.607654
0.734395
0.374371
0.202636
0.123339
0.364477
0.24281
0.315601
0.667169
0.478712
0.375613
0.748851
0.944604
0.420267
0.770275
0.453681
0.501505
0.577232
0.596772
0.759664
0.317726
0.111529
0.382576
0.367913
0.188262
0.15357
0.0691732
0.680527
0.493556
0.337301
0.0922681
0.10121
0.0716964
0.466639
0.303847
0.195036
0.831116
0.546656
0.510637
0.498285
0.0253678
0.88625
0.247136
0.969972
0.306517
0.0174113
0.423652
0.808022
0.594643
0.020424
0.567687
0.912369
0.131953
0.950263
0.280282
0.320215
0.103833
0.349455
0.000742524
0.597389
0.686756
0.0930106
0.6986
0.758453
0.559649
0.00244618
0.953488
0.390765
0.549102
0.464125
0.88905
0.57447
0.350375
0.136187
0.544442
0.656892
0.153598
0.968094
0.464915
0.748241
0.988518
0.0326011
0.66061
0.120471
0.982864
0.940892
0.440686
0.0866966
0.290347
0.441429
0.684086
0.977103
0.534439
0.382685
0.735556
0.0940886
0.385132
0.689044
0.484854
0.934234
0.153169
0.373904
0.508704
0.503544
0.510091
0.0531457
0.160436
0.663689
0.0212399
0.625351
0.41193
0.00975804
0.657952
0.0725399
0.130229
0.640816
0.0134319
0.570915
0.727512
0.303779
0.0123442
0.411598
0.280882
0.546784
0.794284
0.0164381
0.640872
0.179415
0.705482
0.125726
0.113649
0.858651
0.49963
0.622353
0.362195
0.00972079
0.675499
0.522632
0.673409
0.696739
0.147983
0.0853392
0.706497
0.805935
0.157879
0.836726
0.446751
0.171311
0.407641
0.174263
0.47509
0.419986
0.585861
0.755972
0.966769
0.380145
0.77241
0.607642
0.559561
0.477892
0.733368
0.67321
0.336544
0.232998
0.295563
0.698739
0.242719
0.971062
0.221371
0.916128
0.667801
0.369354
0.00146723
0.374298
0.175289
0.159346
0.211024
0.62204
0.330657
0.618665
0.796303
0.805747
0.0386504
0.382164
0.561719
0.00541966
0.762309
0.33413
0.613061
0.32187
0.812022
0.346429
0.99508
0.148566
0.579427
0.290643
0.847305
0.822145
0.261705
0.0686756
0.738273
0.929506
0.438029
0.739741
0.303803
0.613318
0.899087
0.514827
0.235357
0.229744
0.133491
0.0316602
0.0354915
0.172142
0.413824
0.597211
0.177561
0.176134
0.931341
0.790623
0.498004
0.743363
0.137052
0.493084
0.891929
0.716478
0.783727
0.739234
0.538624
0.0454315
0.807909
0.276897
0.974937
0.245938
0.0166377
0.27874
0.859256
0.915725
0.793567
0.0946138
0.145469
0.927058
0.126274
0.18096
0.0991999
0.540099
0.778171
0.276761
0.716232
0.709512
0.067384
0.214236
0.452875
0.204436
0.70732
0.344804
0.920914
0.491047
0.0840375
0.459538
0.536479
0.891947
0.736435
0.511416
0.137885
0.753072
0.790156
0.997141
0.668797
0.583722
0.091755
0.814266
0.510781
0.218029
0.995226
0.60998
0.758128
0.773398
0.886742
0.47436
0.48291
0.954126
0.688596
0.935785
0.158561
0.395917
0.280589
0.0794754
0.886964
0.364626
0.539013
0.423442
0.256573
0.275448
0.934858
0.394458
0.02852
0.725014
0.391599
0.697317
0.308736
0.483354
0.511583
0.819517
0.701383
0.506809
0.429497
0.459511
0.280207
0.316239
0.933871
0.763116
0.270365
0.622467
0.698901
0.428926
0.0183838
0.97949
0.508402
0.905348
0.344117
0.0474147
0.32879
0.60069
0.322862
0.263648
0.995148
0.351382
0.988662
0.386747
0.0486993
0.297398
0.870101
0.560282
0.116915
0.571484
0.0670911
0.546412
0.0309947
0.347298
0.862652
0.964865
0.110414
0.133016
0.587332
0.809316
0.561943
0.605716
0.788806
0.0703444
0.511064
0.132923
0.117759
0.839854
0.733612
0.440621
0.103502
0.72876
0.792004
0.0921637
0.115507
0.840703
0.389562
0.985607
0.400985
0.506477
0.557091
0.468076
0.0528895
0.588086
0.815374
0.915541
0.552951
0.925788
0.0485574
0.140284
0.735104
0.6105
0.746
0.523909
0.680844
0.257063
0.656832
0.798604
0.096917
0.390444
0.239225
0.200419
0.119204
0.0312285
0.292582
0.23471
0.871931
0.682144
0.220318
0.272917
0.188621
0.777409
0.740993
0.241511
0.365495
0.556367
0.157052
0.918447
0.482155
0.205609
0.0587304
0.217258
0.81611
0.80473
0.741168
0.496954
0.0617935
0.398
0.295558
0.15871
0.788444
0.534782
0.359129
0.907648
0.566011
0.651712
0.142358
0.437942
0.333856
0.362676
0.710859
0.522477
0.140086
0.451852
0.763988
0.505581
0.00821847
0.92104
0.424028
0.490373
0.12665
0.482758
0.707632
0.942759
0.287488
0.4488
0.439713
0.349282
0.846799
0.735271
0.507992
0.635243
0.270053
0.867121
0.542891
0.836064
0.518833
0.68525
0.274006
0.852689
0.0479258
0.984865
0.375166
0.188011
0.436717
0.139154
0.693592
0.444935
0.0601945
0.11762
0.935309
0.186844
0.600378
0.64294
0.129603
0.887866
0.09174
0.569316
0.237148
0.938539
0.304587
0.74514
0.573783
0.57464
0.612261
0.116674
0.410704
0.131094
0.801924
0.68471
0.983783
0.849849
0.669575
0.358949
0.0378608
0.106292
0.498103
0.731453
0.551227
0.558298
0.849073
0.486536
0.745142
0.449451
0.129476
0.874745
0.337317
0.221216
0.444061
0.574464
0.159756
0.748648
0.319604
0.733539
0.323288
0.931865
0.850213
0.733992
0.0629592
0.652137
0.418702
0.0467421
0.501986
0.0882769
0.405691
0.539847
0.194569
0.903794
0.2713
0.745796
0.462092
0.120372
0.232332
0.207234
0.569823
0.361808
0.0819795
0.90714
0.583025
0.526041
0.481604
0.74278
0.274689
0.801208
0.476319
0.597977
0.733073
0.326532
0.331969
0.796032
0.978669
0.750671
0.842774
0.480655
0.838948
0.248465
0.0205014
0.0335167
0.15226
0.291801
0.779313
0.614352
0.412174
0.0116447
0.821587
0.981997
0.373453
0.903566
0.889136
0.956478
0.429607
0.37074
0.699258
0.704296
0.171948
0.175577
0.302274
0.905021
0.502109
0.634243
0.701053
0.480778
0.384914
0.543828
0.961433
0.223862
0.792293
0.981934
0.257378
0.944553
0.273735
0.0366912
0.558906
0.685909
0.0483359
0.380492
0.667905
0.421789
0.284058
0.557041
0.378266
0.713665
0.927782
0.0775246
0.417962
0.0997297
0.253102
0.720235
0.00475084
0.755211
0.354478
0.705804
0.235989
0.739392
0.249632
0.197422
0.963254
0.0419255
0.179356
0.220633
0.986479
0.453091
0.257324
0.545384
0.139
0.30566
0.925876
0.806905
0.727448
0.209935
0.363946
0.105715
0.9236
0.291728
0.18324
0.341562
0.391458
0.436342
0.0617974
0.396208
0.191553
0.416276
0.102013
0.427542
0.155668
0.351645
0.624964
0.118922
0.39357
0.80432
0.339555
0.380049
0.257411
0.596878
0.925433
0.396411
0.902538
0.85131
0.203315
0.629986
0.0612446
0.567262
0.735701
0.984845
0.85899
0.918941
0.326407
0.250447
0.355282
0.388204
0.646656
0.546835
0.80448
