64 64
0.748668
0.974378
0.960148
0.100313
0.599342
0.0790702
0.493884
0.403662
0.418625
0.873933
0.661073
0.0155033
0.799366
0.0574834
0.918041
0.650676
0.260799
0.548028
0.711921
0.828061
0.283729
0.696766
0.68705
0.20267
0.0231724
0.937498
0.557953
0.411377
0.584153
0.104788
0.215857
0.332822
0.0791654
0.176005
0.433135
0.678507
0.255075
0.927019
0.0821689
0.6737
0.800952
0.743242
0.689203
0.600318
0.800725
0.607244
0.250994
0.0615239
0.155272
0.962914
0.889585
0.439001
0.65968
0.576635
0.641671
0.682852
0.514132
0.199624
0.094229
0.0982856
0.304412
0.310086
0.431107
0.383577
0.48609
0.864242
0.0620842
0.741165
0.791261
0.144253
0.414865
0.592213
0.887495
0.104068
0.19253
0.68822
0.711312
0.443524
0.749744
0.866584
0.406439
0.639328
0.305586
0.0661187
0.215963
0.947257
0.748971
0.730096
0.146881
0.8432
0.828381
0.451292
0.153286
0.259489
0.83487
0.639376
0.123731
0.896954
0.380541
0.914992
0.0412069
0.795406
0.507205
0.928702
0.899474
0.699735
0.616922
0.610787
0.143259
0.366665
0.477371
0.549698
0.0059939
0.782957
0.615817
0.221957
0.730213
0.364788
0.952053
0.877094
0.207988
0.780434
0.328387
0.361274
0.0399226
0.163256
0.000649743
0.163653
0.0602099
0.381191
0.0786453
0.101417
0.176597
0.58585
0.0301186
0.0760716
0.285585
0.64704
0.686858
0.428844
0.0137057
0.164229
0.978542
0.0196996
0.947186
0.594358
0.241657
0.677399
0.959146
0.19371
0.554493
0.167134
0.974144
0.88288
0.528408
0.0140661
0.046136
0.529057
0.177719
0.106346
0.910249
0.256365
0.207763
0.0868458
0.842215
0.237881
0.162917
0.127799
0.884922
0.849776
0.556643
0.898627
0.0140047
0.535185
0.918327
0.96119
0.129544
0.159984
0.638589
0.08869
0.353693
0.193083
0.255824
0.327837
0.0759627
0.784232
0.341903
0.122099
0.313289
0.519622
0.228445
0.223538
0.775987
0.436208
0.310384
0.618202
0.674089
0.473301
0.746001
0.55901
0.323077
0.302645
0.457638
0.337081
0.83783
0.375965
0.298272
0.967374
0.535948
0.936861
0.0560637
0.889641
0.129944
0.311888
0.217478
0.205907
0.0961196
0.559381
0.328005
0.409409
0.0790029
0.55645
0.632947
0.85499
0.992658
0.94333
0.473192
0.666746
0.416632
0.219193
0.225757
0.739708
0.521838
0.683395
0.0767895
0.359668
0.0593593
0.375061
0.327041
0.595308
0.311922
0.383105
0.484949
0.441866
0.694993
0.702427
0.647773
0.791113
0.261808
0.975778
0.200521
0.34081
0.532228
0.833468
0.1958
0.524886
0.776799
0.668992
0.191632
0.19343
0.888185
0.417389
0.933139
0.410023
0.100784
0.00992806
0.76969
0.160143
0.384989
0.0967314
0.75545
0.696911
0.479836
0.240399
0.138778
0.174829
0.942826
0.78655
0.965942
0.204634
0.762328
0.166463
0.545444
0.294556
0.999932
0.741245
0.819442
0.77673
0.410237
0.0110741
0.970161
0.298422
0.428463
0.903299
0.708444
0.529247
0.913227
0.478134
0.68939
0.298216
0.574866
0.44484
0.995128
0.0547022
0.685239
0.133906
0.229532
0.628066
0.920456
0.195473
0.832699
0.682784
0.361937
0.378144
0.977341
0.361868
0.119388
0.796783
0.138599
0.529625
0.807857
0.108759
0.828046
0.23632
0.0120584
0.536491
0.765567
0.925286
0.0146249
0.454956
0.223502
0.589491
0.899796
0.21863
0.644193
0.585036
0.352536
0.873724
0.213101
0.272991
0.0691976
0.0458008
0.955776
0.431134
0.423944
0.933117
0.793003
0.543332
0.729899
0.931601
0.0729573
0.537756
0.0403604
0.901004
0.774077
0.0524188
0.437494
0.539643
0.977704
0.452119
0.9946
0.201207
0.0416098
0.894396
0.419837
0.685803
0.479432
0.772372
0.559527
0.692534
0.0453637
0.628724
0.738334
0.00113951
0.0598586
0.162279
0.934256
0.852861
0.705611
0.664156
0.784462
0.778568
0.201912
0.824823
0.679572
0.975989
0.877242
0.117066
0.515632
0.854946
0.569186
0.510232
0.0561527
0.610796
0.404628
0.475989
0.296598
0.88406
0.248362
0.856125
0.576593
0.293725
0.484849
0.314928
0.294865
0.544708
0.477206
0.229121
0.397569
0.182818
0.893276
0.182031
0.961386
0.0951884
0.00685409
0.640958
0.071177
0.884096
0.758025
0.586809
0.739042
0.32721
0.0970405
0.795195
0.938006
0.501668
0.271184
0.234604
0.385728
0.519546
0.0907287
0.962322
0.813271
0.575578
0.27725
0.108136
0.120286
0.754456
0.337256
0.517854
0.937273
0.230533
0.699886
0.898659
0.325721
0.70674
0.539617
0.396898
0.590836
0.297642
0.983707
0.329877
0.624852
0.0807474
0.125072
0.562858
0.582416
0.396256
0.797462
0.968144
0.915802
0.88819
0.930466
0.729072
0.463768
0.207715
0.837208
0.584054
0.962171
0.174464
0.101908
0.899445
0.404997
0.801794
0.798104
0.730718
0.508534
0.337722
0.127616
0.0993694
0.635363
0.111323
0.429247
0.260216
0.192071
0.554319
0.823073
0.774486
0.950575
0.620535
0.74263
0.866377
0.508726
0.673096
0.595449
0.972494
0.880811
0.432657
0.556548
0.842983
0.607121
0.658456
0.742427
0.0121179
0.46025
0.540532
0.742836
0.968784
0.878253
0.870452
0.0681532
0.513616
0.981775
0.4974
0.773832
0.173846
0.0517191
0.596906
0.948332
0.00229417
0.217441
0.690962
0.868671
0.726167
0.364058
0.46412
0.698661
0.24487
0.896777
0.255208
0.0878521
0.503898
0.913664
0.830279
0.516016
0.373914
0.370811
0.258852
0.342698
0.249064
0.129304
0.410851
0.762681
0.111079
0.908251
0.536513
0.284925
0.959971
0.133418
0.233257
0.962265
0.350859
0.92422
0.830936
0.0770254
0.288278
0.295055
0.775686
0.533148
0.191832
0.0308942
0.621
0.695729
0.944558
0.451279
0.211745
0.318473
0.82209
0.470597
0.661171
0.0711542
0.5999
0.072022
0.833835
0.710979
0.980273
0.370347
0.995905
0.940244
0.503765
0.229162
0.902509
0.854624
0.153382
0.733444
0.93165
0.44166
0.0284995
0.707336
0.974807
0.220331
0.73823
0.595807
0.916061
0.682788
0.0470859
0.127806
0.00126097
0.869176
0.598402
0.662432
0.94033
0.198303
0.734454
0.774165
0.909282
0.714727
0.144512
0.905187
0.654971
0.648278
0.134349
0.55748
0.502902
0.28773
0.290924
0.434552
0.72939
0.319424
0.141887
0.704197
0.539755
0.880117
0.300003
0.455816
0.562905
0.347089
0.583622
0.564166
0.216265
0.182024
0.226598
0.156596
0.380326
0.961052
0.930761
0.289609
0.675779
0.0752727
0.194795
0.33075
0.72355
0.329144
0.88823
0.226452
0.616874
0.179154
0.661004
0.346264
0.498577
0.802891
0.0504603
0.0383323
0.683008
0.350464
0.494148
0.245913
0.697553
0.0777696
0.810079
0.913818
0.259793
0.036677
0.0704141
0.64012
0.997729
0.00117458
0.929728
0.673507
0.0764473
0.124524
0.00425742
0.799998
0.453668
0.892487
0.0264495
0.0705415
0.071641
0.687453
0.416805
0.570218
0.490344
0.467265
0.608551
0.173351
0.817729
0.102699
0.419264
0.515282
0.180468
0.229343
0.429101
0.440262
0.26602
0.499515
0.0803816
0.263749
0.500689
0.0101101
0.937256
0.577136
0.134634
0.941514
0.377134
0.588301
0.834001
0.403584
0.658843
0.905642
0.0910366
0.0756479
0.475861
0.58138
0.542913
0.0844112
0.754732
0.360642
0.18711
0.173996
0.875924
0.367578
0.403339
0.305025
0.80784
0.66936
0.804539
0.888222
0.933109
0.305229
0.898332
0.870365
0.882365
0.0329655
0.811879
0.259499
0.621267
0.64588
0.663083
0.28011
0.551522
0.754119
0.355758
0.027383
0.3355
0.898671
0.111794
0.0902313
0.259313
0.298904
0.264227
0.135237
0.666482
0.667567
0.440262
0.474322
0.336927
0.244802
0.362544
0.270035
0.55003
0.260876
0.140401
0.432396
0.293841
0.95228
0.691895
0.915108
0.59816
0.354977
0.195218
0.149683
0.109096
0.550976
0.177065
0.444596
0.449646
0.28886
0.534827
0.70896
0.587764
0.799055
0.844197
0.254246
0.466621
0.284459
0.728569
0.803548
0.529261
0.0911127
0.0735835
0.0792914
0.351989
0.213984
0.511687
0.64583
0.166264
0.203582
0.560938
0.764424
0.558559
0.756156
0.914107
0.667655
0.307131
0.0911721
0.112251
0.756778
0.380032
0.647078
0.465737
0.967796
0.446133
0.309934
0.222042
0.912754
0.594393
0.95061
0.716302
0.123654
0.0417232
0.789886
0.202946
0.393712
0.00386997
0.714633
0.0395415
0.170134
0.918214
0.60048
0.934558
0.476773
0.356635
0.848665
0.144428
0.663767
0.939837
0.256679
0.420545
0.319868
0.903757
0.886282
0.287664
0.34989
0.196216
0.509706
0.262644
0.79061
0.460316
0.978947
0.914264
0.502039
0.768833
0.11721
0.895751
0.772703
0.831843
0.935293
0.942836
0.750057
0.535772
0.877394
0.22683
0.892407
0.726059
0.371258
0.556174
0.665896
0.627937
0.976719
0.985764
0.531694
0.863001
0.273428
0.881584
0.0592167
0.783133
0.144229
0.849826
0.24345
0.123175
0.76409
0.745489
0.892008
0.8813
0.64124
0.66471
0.713143
0.576532
0.607547
0.4632
0.112304
0.484941
0.69003
0.00471194
0.211
0.0612883
0.560886
0.876896
0.689225
0.537605
0.86266
0.22092
0.400606
0.136087
0.102504
0.459822
0.919221
0.246732
0.309648
0.16267
0.369908
0.0737387
0.908159
0.261916
0.955039
0.549399
0.926626
0.668182
0.125931
0.534173
0.131382
0.238236
0.0191142
0.821412
0.242948
0.230114
0.8827
0.803834
0.10701
0.571926
0.341439
0.96967
0.792845
0.742044
0.105757
0.895349
0.201867
0.0249779
0.142082
0.511515
0.187648
0.51199
0.585254
0.0958072
0.773905
0.540293
0.645206
0.700531
0.208474
0.771137
0.234704
0.339856
0.00937337
0.253818
0.161268
0.252321
0.483933
0.0439685
0.0561552
0.590943
0.615894
0.397594
0.560613
0.408739
0.139639
0.66637
0.304089
0.341505
0.691348
0.44617
0.85302
0.878996
0.95816
0.438274
0.974803
0.732065
0.978567
0.620009
0.432596
0.187041
0.391147
0.667301
0.526897
0.40052
0.921119
0.688166
0.652841
0.405052
0.732134
0.708996
0.995994
0.348028
0.10659
0.556607
0.756768
0.246229
0.222977
0.0608566
0.587734
0.914324
0.507027
0.440754
0.79332
0.465187
0.879029
0.768123
0.197252
0.857595
0.388132
0.629848
0.0446365
0.779278
0.297149
0.571534
0.179798
0.218268
0.2597
0.832639
0.623319
0.991834
0.541636
0.619314
0.339862
0.648226
0.175921
0.0966301
0.894455
0.398898
0.157487
0.482189
0.313222
0.664514
0.922943
0.106542
0.129701
0.801972
0.874665
0.326953
0.659567
0.262797
0.956801
0.704203
0.0420753
0.25395
0.275737
0.221874
0.472218
0.535437
0.054513
0.0955373
0.527271
0.596149
0.714851
0.867133
0.244374
0.890772
0.963763
0.138829
0.28967
0.12125
0.621018
0.602892
0.785764
0.543961
0.709433
0.915464
0.345933
0.584098
0.242417
0.00549941
0.846895
0.199218
0.709703
0.88897
0.453168
0.98544
0.110844
0.925386
0.520877
0.165357
0.0209234
0.0481484
0.761506
0.735775
0.915282
0.00588007
0.626547
0.879045
0.144709
0.916216
0.000295192
0.765727
0.519108
0.786059
0.309688
0.228541
0.701523
0.655621
0.812639
0.94394
0.66112
0.659535
0.143158
0.370823
0.548505
0.596326
0.356263
0.659349
0.521712
0.87714
0.824706
0.542636
0.925289
0.586212
0.27841
0.84057
0.592092
0.904957
0.719616
0.736801
0.821173
0.719911
0.502528
0.340281
0.50597
0.812216
0.568822
0.207493
0.467837
0.381461
0.151433
0.128957
0.0409958
0.294591
0.49978
0.589501
0.890918
0.856043
0.24885
0.41263
0.733183
0.0735564
0.955266
0.658472
0.659768
0.233676
0.499042
0.25186
0.138633
0.218658
0.988661
0.959806
0.938568
0.49119
0.300086
0.444538
0.303406
0.868908
0.652031
0.771243
0.250369
0.803464
0.900199
0.291365
0.0980551
0.399979
0.880866
0.988973
0.256021
0.129716
0.401603
0.989204
0.203272
0.356868
0.647676
0.86304
0.590544
0.146718
0.1149
0.729177
0.365375
0.103562
0.688982
0.303944
0.594751
0.989069
0.748481
0.898157
0.857976
0.400512
0.6694
0.108345
0.203976
0.569599
0.39971
0.302031
0.969578
0.280575
0.291004
0.225599
0.410291
0.692607
0.214803
0.613563
0.049475
0.862479
0.476603
0.640019
0.00919684
0.591504
0.369196
0.374572
0.695065
0.0581787
0.678516
0.289816
0.0472472
0.426997
0.187973
0.905223
0.827509
0.857373
0.0135686
0.0314854
0.426972
0.413278
0.333517
0.396549
0.693854
0.62452
0.622148
0.104144
0.317127
0.836952
0.717707
0.366602
0.699431
0.19431
0.00662132
0.708627
0.785814
0.375818
0.0831996
0.480879
0.433996
0.761715
0.770696
0.481243
0.188713
0.958669
0.386467
0.016222
0.816042
0.400035
0.0477074
0.243014
0.813314
0.381224
0.639563
0.507167
0.00574443
0.261711
0.611312
0.322871
0.0986629
0.329019
0.689474
0.798093
0.52333
0.696095
0.506721
0.309144
0.0719124
0.58992
0.790023
0.505909
0.351636
0.560718
0.987152
0.540348
0.519387
0.373619
0.55657
0.335429
0.773654
0.604278
0.578443
0.586968
0.985502
0.218006
0.0941354
0.991246
0.479717
0.705447
0.314118
0.57838
0.0344662
0.00359119
0.376473
0.557796
0.699686
0.883194
0.866939
0.771598
0.473114
0.656962
0.277507
0.82475
0.21768
0.264659
0.365099
0.737068
0.638278
0.921669
0.0724967
0.411932
0.525947
0.650939
0.9989
0.511448
0.868945
0.0930355
0.502695
0.348662
0.798483
0.816812
0.927042
0.832949
0.820404
0.303515
0.390745
0.52009
0.186709
0.257684
0.291688
0.659824
0.914646
0.569195
0.484574
0.132326
0.833854
0.849673
0.869394
0.472132
0.771341
0.941891
0.884064
0.297288
0.59283
0.882964
0.808737
0.461775
0.975999
0.311431
0.810437
0.774482
0.128244
0.737479
0.607431
0.948647
0.0409941
0.998175
0.468737
0.227703
0.255859
0.760425
0.887527
0.170505
0.32962
0.372101
0.302832
0.163474
0.221774
0.172226
0.635605
0.993115
0.114116
0.519669
0.290403
0.706946
0.402632
0.0991398
0.168721
0.378632
0.410571
0.979158
0.153113
0.538815
0.716637
0.760544
0.487462
0.757631
0.758719
0.956199
0.985335
0.0145786
0.716624
0.872862
0.185084
0.0462436
0.244963
0.487915
0.209717
0.466736
0.660141
0.845322
0.459851
0.774257
0.364991
0.750254
0.481204
0.767623
0.849394
0.649925
0.146255
0.259965
0.629083
0.299368
0.79878
0.345721
0.0599121
0.286242
0.103352
0.818631
0.242442
0.0886865
0.83321
0.959065
0.961548
0.0182938
0.00530902
0.206511
0.506209
0.215026
0.673247
0.16635
0.0603483
0.133098
0.940608
0.425339
0.883352
0.421811
0.192962
0.732746
0.0717365
0.339217
0.992712
0.70082
0.638585
0.791492
0.0465404
0.698497
0.0777344
0.149892
0.517129
0.320176
0.238579
0.350339
0.279241
0.200127
0.368633
0.28455
0.406638
0.874842
0.499577
0.0798848
0.0411923
0.559925
0.212983
0.9818
0.985264
0.0963351
0.403612
0.178226
0.829082
0.475348
0.517443
0.821793
0.176168
0.156028
0.613285
0.222708
0.854526
0.69102
0.3726
0.371654
0.0111955
0.611179
0.721993
0.290437
0.811306
0.0906254
0.574987
0.217944
0.965467
0.0745637
0.297829
0.00665955
0.634489
0.510812
0.98846
0.619753
0.607147
0.392071
0.797979
0.436229
0.867419
0.315422
0.258022
0.0435869
0.47145
0.871307
0.266295
0.325976
0.562326
0.638896
0.69763
0.573522
0.250075
0.419623
0.863959
0.0613813
0.510248
0.438946
0.279326
0.475716
0.51351
0.577155
0.482375
0.147998
0.0879666
0.470835
0.767751
0.695114
0.862906
0.56573
0.131342
0.730325
0.881152
0.389364
0.773912
0.352602
0.260671
0.0402069
0.678578
0.822997
0.679102
0.376208
0.396519
0.929177
0.795831
0.260478
0.990559
0.306079
0.699424
0.269884
0.781795
0.212934
0.847039
0.26417
0.360932
0.935005
0.735005
0.128683
0.630119
0.597911
0.694413
0.761461
0.328236
0.575565
0.150825
0.102147
0.928166
0.411496
0.142354
0.606744
0.234493
0.821457
0.982952
0.631012
0.750634
0.778783
0.89149
0.741193
0.0848619
0.590914
0.011077
0.866657
0.803848
0.858116
0.130826
0.16478
0.793121
0.865831
0.293463
0.42324
0.463742
0.987876
0.184701
0.791977
0.563441
0.335526
0.894125
0.491607
0.747022
0.0364792
0.0983515
0.981515
0.857936
0.0813036
0.612527
0.60857
0.860086
0.504017
0.349763
0.944948
0.0949311
0.36084
0.811605
0.898779
0.218956
0.942431
0.0635594
0.0120769
0.808262
0.357023
0.435317
0.272004
0.344899
0.620019
0.0639816
0.90834
0.955545
0.958106
0.399947
0.702567
0.994586
0.498299
0.684082
0.852522
0.579602
0.296609
0.461092
0.439689
0.800626
0.810855
0.384637
0.895557
0.171695
0.196242
0.794336
0.39065
0.138673
0.857896
0.402727
0.946935
0.214919
0.838044
0.21894
0.559818
0.458063
0.282921
0.468157
0.413608
0.241028
0.868105
0.116175
0.235613
0.366403
0.800257
0.0881351
0.946005
0.0968663
0.549227
0.385694
0.897492
0.360082
0.770331
0.79305
0.531776
0.966573
0.587386
0.922427
0.105246
0.445282
0.325154
0.052181
0.6602
0.163198
0.271121
0.220018
0.621262
0.554042
0.688175
0.0348697
0.79507
0.55628
0.151045
0.030683
0.922683
0.951302
0.118818
0.868688
0.0481686
0.668045
0.254382
0.945661
0.0281268
0.0247132
0.73871
0.559903
0.991286
0.326096
0.48233
0.0965313
0.771378
0.807484
0.148712
0.431578
0.970682
0.419833
0.651596
0.591944
0.973875
0.339771
0.626813
0.768945
0.896051
0.777858
0.799628
0.818734
0.729161
0.918446
0.687422
0.777329
0.586491
0.941804
0.72299
0.614618
0.966518
0.461701
0.174521
0.957803
0.787797
0.656851
0.0543348
0.559175
0.464334
0.203047
0.990753
0.435017
0.62288
0.642349
0.0269603
0.596755
0.98212
0.653774
0.365699
0.87817
0.431632
0.165327
0.696904
0.160793
0.0837726
0.384326
0.938122
0.670263
0.326131
0.661112
0.284881
0.292648
0.122813
0.459402
0.250452
0.91061
0.116252
0.304787
0.469785
0.580587
0.507834
0.460538
0.0156031
0.130714
0.102887
0.0425634
0.727468
0.0850062
0.696337
0.0931679
0.963177
0.127969
0.258495
0.660081
0.288762
0.342267
0.0444068
0.226884
0.0125307
0.370537
0.887997
0.297412
0.663186
0.0108096
0.756813
0.913638
0.92142
0.873065
0.218424
0.391205
0.453652
0.726258
0.851743
0.469255
0.856971
0.954629
0.511819
0.58444
0.0396354
0.208156
0.677608
0.00281197
0.336125
0.936103
0.662893
0.624887
0.27837
0.707299
0.851771
0.290901
0.0778368
0.739768
0.588312
0.741022
0.750578
0.345125
0.65466
0.671997
0.218191
0.873084
0.0632019
0.671843
0.599342
0.914944
0.141098
0.456313
0.869574
0.652917
0.0407531
0.909209
0.861072
0.718361
0.912021
0.197197
0.654463
0.574914
0.822085
0.932833
0.282213
0.673856
0.223734
0.36005
0.413624
0.812046
0.101072
0.164202
0.157171
0.755732
0.836199
0.375362
0.628816
0.899401
0.0472051
0.228158
0.814345
0.188303
0.684471
0.683919
0.84122
0.725225
0.593128
0.702292
0.443585
0.505149
0.89949
0.0980489
0.0800625
0.721574
0.0308821
0.362275
0.39543
0.254616
0.722325
0.809054
0.0666618
0.823397
0.973256
0.223833
0.57913
0.809455
0.599195
0.207946
0.708855
0.6464
0.436104
0.523201
0.834703
0.120576
0.207119
0.675923
0.8458
0.800247
0.378216
0.289386
0.305396
0.277705
0.387435
0.385459
0.999279
0.418317
0.747734
0.394709
0.672933
0.470059
0.203764
0.739594
0.293457
0.177019
0.963427
0.872586
0.986474
0.562623
0.0805324
0.695329
0.209023
0.516637
0.21853
0.0437265
0.637212
0.42565
0.71965
0.483012
0.225897
0.0978653
0.772398
0.531293
0.37557
0.159833
0.916752
0.37485
0.57815
0.664486
0.769559
0.251082
0.134545
0.973323
0.990677
0.428002
0.150342
0.954104
0.300589
0.136816
0.516727
0.381121
0.832146
0.72575
0.897757
0.0506761
0.769476
0.53497
0.476326
0.489126
0.0179822
0.702223
0.586991
0.79038
0.233516
0.962562
0.950213
0.150268
0.337411
0.528363
0.814754
0.106971
0.779445
0.949299
0.0802936
0.770121
0.377301
0.230636
0.724225
0.67789
0.367452
0.240952
0.0590107
0.199598
0.966702
0.956768
0.250274
0.736178
0.491738
0.7266
0.225304
0.50972
0.428823
0.812295
0.3001
0.662338
0.774857
0.250314
0.812606
0.112268
0.778676
0.62736
0.219239
0.558121
0.576659
0.299533
0.328243
0.95396
0.530169
0.0524682
0.63185
0.897621
0.29342
0.69086
0.0972195
0.260122
0.647629
0.347494
0.9963
0.139366
0.074094
0.221604
0.649086
0.502917
0.0338994
0.949187
0.165255
0.808756
0.199501
0.977861
0.921025
0.978177
0.605221
0.140264
0.536298
0.18188
0.439796
0.864541
0.13584
0.969965
0.917009
0.767689
0.867586
0.21043
0.45855
0.964806
0.470552
0.106178
0.3123
0.466852
0.245545
0.386394
0.688456
0.894631
0.88931
0.722356
0.843818
0.0545653
0.531112
0.0433186
0.0324264
0.452137
0.0214956
0.637647
0.5924
0.557794
0.819527
0.0321968
0.422335
0.955366
0.00216187
0.339344
0.723056
0.869748
0.549774
0.181605
0.834554
0.0203262
0.287784
0.146853
0.487178
0.533328
0.533247
0.175635
0.42796
0.422557
0.89799
0.271778
0.477122
0.429102
0.315096
0.509548
0.881239
0.336592
0.147196
0.47364
0.894386
0.966722
0.505836
0.316721
0.922089
0.507998
0.656065
0.645144
0.377746
0.205839
0.82675
0.2123
0.226166
0.114533
0.359153
0.713344
0.647862
0.8924
0.888979
0.0758214
0.314956
0.786969
0.347599
0.792078
0.216071
0.662695
0.301627
0.0973106
0.999287
0.448822
0.57095
0.893673
0.415545
0.0767864
0.210394
0.337634
0.584785
0.866459
0.982778
0.962531
0.0722985
0.809528
0.174831
0.298464
0.924061
0.533983
0.0118082
0.571923
0.426383
0.900787
0.647745
0.741339
0.687756
0.995344
0.533418
0.903827
0.658039
0.835045
0.00113789
0.657326
0.283867
0.572088
0.550999
0.699412
0.648874
0.761393
0.0370455
0.233659
0.627852
0.0198235
0.19619
0.70015
0.829351
0.37102
0.998615
0.753413
0.905004
0.0104228
0.325336
0.331387
0.91121
0.97308
0.0727262
0.598965
0.968424
0.606144
0.502793
0.626463
0.441188
0.503931
0.283789
0.725055
0.0760186
0.834788
0.424467
0.724893
0.596181
0.461513
0.958552
0.224033
0.481336
0.154742
0.924183
0.310688
0.525762
0.922798
0.0641002
0.430766
0.933221
0.389436
0.762153
0.84443
0.362516
0.834879
0.443396
0.33094
0.441023
0.946188
0.957403
0.882211
0.450119
0.241192
0.607267
0.526138
0.0759799
0.0317342
0.251031
0.672161
0.493247
0.209583
0.896193
0.974583
0.364324
0.820377
0.285271
0.890087
0.743174
0.349371
0.320853
0.676395
0.738807
0.0830054
0.520825
0.101323
0.917884
0.96422
0.432263
0.358907
0.910409
0.389666
0.241119
0.360528
0.630858
0.848385
0.886666
0.706838
0.88012
0.137696
0.378998
0.373367
0.347279
0.275192
0.34795
0.711603
0.0955683
0.633221
0.60169
0.838743
0.982592
0.922543
0.515137
0.721399
0.00554797
0.0359622
0.822722
0.923432
0.000182667
0.254985
0.28234
0.910591
0.644651
0.523458
0.271119
0.275509
0.371843
0.157785
0.982347
0.251963
0.295481
0.361345
0.625329
0.64276
0.636537
0.973279
0.354364
0.732105
0.6065
0.956054
0.570848
0.589092
0.878596
0.085985
0.310491
0.884144
0.121947
0.133212
0.807577
0.12213
0.388197
0.0899162
0.0327214
0.0328485
0.613374
0.303841
0.308357
0.985218
0.461626
0.290704
0.237181
0.757107
0.652049
0.86251
0.399867
0.288586
0.835789
0.754231
0.0206907
0.442289
0.710285
0.591538
0.031381
0.588881
0.677523
0.341872
0.473026
0.799471
0.475084
0.280602
0.921601
0.863282
0.370519
0.954322
0.89613
0.983893
0.258163
0.204487
0.969111
0.719788
0.495191
0.206291
0.476895
0.14724
0.0688011
0.876763
0.435826
0.90459
0.630994
0.456517
0.346879
0.341278
0.048055
0.378261
0.93016
0.725578
0.720132
0.403185
0.525049
0.195216
0.683788
0.44665
0.0584979
0.0543064
0.400972
0.954628
0.0381994
0.659134
0.159115
0.00730994
0.378923
0.654307
0.213601
0.855818
0.801547
0.282402
0.732581
0.237373
0.186992
0.363574
0.693889
0.533872
0.704853
0.741944
0.912132
0.635012
0.467523
0.632265
0.0381977
0.992572
0.827481
0.721985
0.439221
0.885979
0.776292
0.840193
0.840607
0.814491
0.499327
0.999722
0.821801
0.87825
0.654029
0.0354023
0.734068
0.455576
0.317804
0.466649
0.692949
0.504797
0.830224
0.386838
0.0386687
0.535076
0.128782
0.950801
0.170089
0.596305
0.583066
0.208286
0.588877
0.410546
0.930272
0.028098
0.296525
0.706564
0.868291
0.137132
0.521055
0.367618
0.136854
0.342856
0.245869
0.790883
0.378258
0.979937
0.246459
0.696063
0.446586
0.939408
0.20086
0.27681
0.326246
0.239528
0.811886
0.455028
0.190329
0.981975
0.0513331
0.773395
0.190261
0.64021
0.183941
0.120533
0.668308
0.480467
0.827097
0.536599
0.617599
0.348152
0.904217
0.754453
0.691008
0.150086
0.545336
0.0692665
0.130023
0.791796
0.765329
0.576609
0.731204
0.966189
0.853419
0.0574496
0.205717
0.665305
0.512478
0.396047
0.647279
0.563811
0.169442
0.837541
0.204021
0.353383
0.958073
0.872328
0.83385
0.78517
0.408927
0.451448
0.133322
0.313144
0.205901
0.82433
0.46323
0.751238
0.893596
0.593253
0.543033
0.658926
0.169861
0.274237
0.625115
0.0232801
0.331686
0.830832
0.688585
0.844164
0.226879
0.335864
0.407975
0.39632
0.173405
0.611996
0.749703
0.131478
0.484324
0.583553
0.916649
0.893251
0.0350011
0.0499705
0.206395
0.240902
0.8743
0.669624
0.99214
0.767897
0.262877
0.535173
0.426823
0.432738
0.80941
0.0519374
0.456019
0.141096
0.882769
0.144603
0.98526
0.109648
0.480468
0.393235
0.505969
0.653873
0.00523082
0.255672
0.785351
0.489555
0.839225
0.702
0.382805
0.874226
0.75197
0.5892
0.115128
0.626271
0.258825
0.107268
0.394167
0.521702
0.642441
0.82099
0.95444
0.451851
0.872927
0.410459
0.592947
0.755697
0.555062
0.578207
0.865345
0.0355298
0.971443
0.371314
0.689402
0.976673
0.626986
0.474753
0.466228
0.466211
0.176753
0.849033
0.340437
0.928723
0.438233
0.455566
0.554994
0.697058
0.562834
0.949161
0.218759
0.205275
0.770151
0.173199
0.657126
0.643079
0.583658
0.250073
0.398775
0.13872
0.82828
0.264121
0.17425
0.799723
0.635435
0.863652
0.776396
0.262421
0.338406
0.242624
0.728632
0.515159
0.0916574
0.0690687
0.443882
0.529891
0.524634
0.998875
0.226949
0.0874682
0.948036
0.445708
0.292743
0.718187
0.618907
0.949869
0.361266
0.202565
0.199942
0.760041
0.341285
0.0282227
0.0241619
0.515535
0.827946
0.659596
0.379187
0.604342
0.922017
0.717593
0.846966
0.650649
0.232752
0.938623
0.719717
0.676633
0.468514
0.244352
0.675508
0.695462
0.33182
0.623545
0.14117
0.624563
0.341732
0.760078
0.574433
0.702998
0.962643
0.774375
0.463039
0.303928
0.802598
0.487201
0.819463
0.630543
0.146798
0.198651
0.234885
0.0688145
0.916244
0.0818507
0.719463
0.148995
0.0204739
0.43918
0.825628
0.488988
0.683532
0.501137
0.18445
0.0153516
0.124681
0.32562
0.639915
0.466413
0.085698
0.214347
0.169411
0.0483409
0.988722
0.63245
0.352269
0.79132
0.119651
0.171732
0.421863
0.266449
0.370383
0.656748
0.335263
0.286627
0.738599
0.0547264
0.435622
0.759073
0.493907
0.26125
0.24806
0.177438
0.762387
0.43251
0.19279
0.887068
0.758131
0.832705
0.353481
0.843829
0.0470518
0.522892
0.89217
0.0357739
0.155343
0.244439
0.827094
0.274994
0.416171
0.248957
0.541443
0.786554
0.905705
0.876706
0.0731809
0.644303
0.931433
0.508803
0.403376
0.425339
0.770053
0.651436
0.602778
0.532439
0.0839467
0.795567
0.419507
0.842078
0.628272
0.772988
0.685906
0.675324
0.295881
0.578076
0.711098
0.451224
0.822515
0.538191
0.726218
0.238687
0.787148
0.267661
0.025241
0.692853
0.144367
0.0984219
0.337156
0.0757994
0.607224
0.740532
0.501139
0.377277
0.391968
0.103916
0.909716
0.475915
0.899484
0.329223
0.317992
0.527756
0.102212
0.00389875
0.203079
0.398092
0.581975
0.914177
0.849316
0.40449
0.452368
0.575534
0.643177
0.239517
0.843194
0.668418
0.932369
0.987561
0.76684
0.269525
0.0633605
0.374064
0.0100574
0.564499
0.751341
0.402026
0.668415
0.661057
0.87794
0.567899
0.99028
0.195933
0.0956542
0.0924918
0.199831
0.298733
0.490584
0.781806
0.212911
0.3399
0.186297
0.665279
0.915434
0.829474
0.904796
0.758628
0.497891
0.837165
0.74619
0.264731
0.10669
0.80955
0.638795
0.116748
0.374049
0.390136
0.518773
0.0424643
0.0511932
0.396714
0.610363
0.0414734
0.592646
0.706017
0.133965
0.792478
0.00475071
0.62455
0.574284
0.217661
0.96445
0.760581
0.88294
0.879884
0.590054
0.787736
0.638513
0.0879454
0.624901
0.384702
0.352676
0.731591
0.194252
0.991472
0.848339
0.568301
0.381608
0.367112
0.610766
0.432801
0.763826
0.221129
0.474274
0.356472
0.927146
0.60824
0.14895
0.931897
0.232789
0.723234
0.149558
0.197239
0.483814
0.032498
0.0771232
0.0738684
0.820234
0.715636
0.161814
0.445134
0.100338
0.51449
0.176726
0.29459
0.505962
0.0250646
0.862891
0.887569
0.392177
0.473657
0.32037
0.156003
0.694786
0.794644
0.512475
0.621932
0.402884
0.661425
0.553828
0.635673
0.384659
0.703386
0.832912
0.868473
0.735884
0.910035
0.942341
0.556118
0.625671
0.104155
0.00125218
0.726009
0.618645
0.177978
0.0205993
0.124607
0.203042
0.883491
0.0121761
0.595219
0.357148
0.332546
0.751222
0.0519336
0.127191
0.263697
0.673865
0.530075
0.925122
0.227694
0.165748
0.30978
0.93108
0.99866
0.178253
0.666964
0.908695
0.120594
0.223081
0.534366
0.224749
0.224333
0.260375
0.843394
0.402311
0.280975
0.968001
0.605354
0.164465
0.980177
0.200573
0.521613
0.312724
0.951795
0.573547
0.439914
0.215492
0.247412
0.969989
0.140614
0.475106
0.135736
0.450394
0.406185
0.134396
0.628648
0.0731489
0.0430913
0.749242
0.29623
0.577458
0.973991
0.520564
0.837833
0.817386
0.922875
0.118808
0.785387
0.528229
0.283273
0.765565
0.728801
0.804887
0.0782884
0.680596
0.378434
0.518203
0.896088
0.625846
0.488192
0.0367022
0.100952
0.623928
0.487097
0.507137
0.758324
0.115744
0.580286
0.801416
0.864987
0.876516
0.378873
0.838978
0.39708
0.216706
0.656364
0.319955
0.335514
0.441751
0.848183
0.618787
0.207316
0.576985
0.423674
0.285604
0.257581
0.802107
0.803807
0.153669
0.427953
0.291999
0.190371
0.528905
0.915927
0.677468
0.0360416
0.674251
0.793212
0.616328
0.475667
0.658199
0.492844
0.85454
0.497177
0.889924
0.0712459
0.153541
0.209878
0.40676
0.595292
0.0580618
0.0255466
0.802608
0.635046
0.44922
0.0882123
0.892627
0.251327
0.892019
0.0462964
0.67928
0.184018
0.236668
0.208185
0.0999447
0.914136
0.244226
0.774196
0.707348
0.860554
0.249863
0.365547
0.353398
0.104402
0.862724
0.243321
0.175648
0.0162649
0.4532
0.582408
0.611557
0.511262
0.607954
0.414165
0.146308
0.0571744
0.502377
0.0389354
0.308502
0.394397
0.0852318
0.987782
0.578415
0.321899
0.195966
0.678359
0.236035
0.440193
0.452555
0.943383
0.300747
0.702418
0.30893
0.654144
0.80682
0.171654
0.897466
0.982468
0.187919
0.350665
0.564876
0.799476
0.861927
0.172831
0.213641
0.00823493
0.230005
0.716019
0.0471703
0.538507
0.110415
0.132402
0.526288
0.68883
0.454302
0.722255
0.36719
0.690337
0.162447
0.819745
0.63372
0.463194
0.522163
0.94265
0.117338
0.328983
0.114304
0.0148036
0.311451
0.302223
0.365469
0.876328
0.101699
0.227396
0.0491582
0.31534
0.235631
0.279163
0.0313589
0.282801
0.81767
0.141774
0.415203
0.343958
0.830604
0.869505
0.0662126
0.197794
0.559842
0.22866
0.017539
0.193562
0.691854
0.539702
0.136212
0.809192
0.868685
0.250516
0.823995
0.180136
0.552739
0.189464
0.0564639
0.654438
0.41686
0.105622
0.969778
0.652491
0.384785
0.00113736
0.935292
0.202455
0.142912
0.350495
0.546413
0.973516
0.22
0.612626
0.17131
0.779841
0.841285
0.188849
0.973403
0.533139
0.728551
0.109614
0.342331
0.597236
0.36013
0.166326
0.777372
0.912869
0.355791
0.833836
0.567307
0.772651
0.939458
0.537086
0.425141
0.324243
0.538223
0.360433
0.526698
0.681135
0.710928
0.0731113
0.654651
0.930928
0.685737
0.825961
0.710769
0.527022
0.0148106
0.684172
0.0601613
0.743362
0.793786
0.402492
0.340598
0.153916
0.568818
0.11797
0.0667855
0.924609
0.951806
0.634093
0.69726
0.891265
0.171178
0.122401
0.215508
0.709401
0.482834
0.742206
0.390536
0.193762
0.815318
0.0451871
0.12469
0.501054
0.871148
0.835459
0.0280766
0.885959
0.51963
0.0882379
0.629321
0.313416
0.49073
0.969918
0.467333
0.0595486
0.0878887
0.534118
0.984158
0.039695
0.168211
0.681417
0.93096
0.339389
0.803818
0.146468
0.0487907
0.286653
0.888674
0.439327
0.480415
0.703992
0.484514
0.605104
0.205046
0.355662
0.440563
0.233123
0.241621
0.960193
0.321361
0.870942
0.273609
0.812091
0.84086
0.740942
0.871639
0.928749
0.27506
0.855797
0.968444
0.443271
0.537214
0.899403
0.78266
0.341033
0.045871
0.831451
0.627685
0.934545
0.270778
0.1081
0.638537
0.755292
0.713204
0.843583
0.110954
0.153767
0.0767054
0.352575
0.11396
0.398066
0.223516
0.38757
0.210157
0.0643766
0.128512
0.0817962
0.993125
0.403572
0.937593
0.961569
0.846843
0.474808
0.860973
0.629503
0.815841
0.906844
0.460954
0.443526
0.841389
0.731731
0.551626
0.479925
0.487023
0.26483
0.323508
0.597977
0.418597
0.400214
0.950551
0.532558
0.79828
0.174068
0.920127
0.00843646
0.238444
0.048639
0.0902327
0.23157
0.452211
0.027826
0.193139
0.299054
0.502634
0.0541118
0.928556
0.318474
0.960956
0.38951
0.762
0.802344
0.121242
0.313626
0.28227
0.608265
0.578457
0.605778
0.206241
0.997054
0.00599135
0.156793
0.529612
0.804271
0.33086
0.449739
0.812707
0.569305
0.498378
0.90294
0.800874
0.950589
0.930766
0.994013
0.249643
0.4334
0.0481252
0.178199
0.751874
0.00908076
0.567709
0.513874
0.811425
0.688951
0.827501
0.0936948
0.297216
0.405957
0.699473
0.503457
0.403011
0.705464
0.66025
0.932623
0.509735
0.99111
0.382362
0.322442
0.560415
0.880741
0.225383
0.361289
0.831329
0.156149
0.355302
0.080972
0.589548
0.403428
0.259171
0.341423
0.412508
0.82688
0.855297
0.223933
0.515831
0.682798
0.317628
0.813047
0.0887551
0.0171009
0.316504
0.491767
0.722565
0.976753
0.42439
0.2323
0.967863
0.806752
0.554742
0.528278
0.687493
0.780125
0.889567
0.518822
0.936273
0.244869
0.599794
0.525822
0.648297
0.858965
0.867244
0.0608053
0.685845
0.722541
0.284739
0.201677
0.405339
0.602367
0.0147237
0.494094
0.619468
0.331228
0.985861
0.342033
0.307981
0.410251
0.574333
0.275844
0.217003
0.129075
0.804122
0.904496
0.9092
0.693689
0.423318
0.845473
0.938558
0.023112
0.371295
0.586855
0.882077
0.23854
0.64766
0.567923
0.961081
0.932399
0.769599
0.36642
0.534766
0.784323
0.860514
0.154234
0.115551
0.846375
0.496267
0.423531
0.256626
0.0706002
0.699376
0.473629
0.199675
0.503498
0.378124
0.108875
0.197186
0.801442
0.954349
0.135745
0.824554
0.325644
0.7226
0.706631
0.564184
0.37026
0.274554
0.525265
0.302659
0.0441532
0.891685
0.837425
0.828476
0.752199
0.99166
0.944027
0.598574
0.487927
0.367558
0.8552
0.558527
0.0669337
0.328828
0.758203
0.570431
0.706953
0.867078
0.767618
0.508395
0.821427
0.903362
0.332949
0.147071
0.625962
0.0395801
0.711254
0.996222
0.314134
0.236519
0.298881
0.358287
0.128203
0.136306
0.186763
0.880402
0.127966
0.13079
0.478976
0.615892
0.498348
0.334176
0.174419
0.565282
0.663005
0.932622
0.135713
0.369957
0.7997
0.903331
0.878352
0.621127
0.806693
0.211301
0.768197
0.432655
0.250881
0.479452
0.428877
0.565015
0.71597
0.727758
0.923302
0.844174
0.864064
0.110065
0.724576
0.992029
0.240855
0.203552
0.607922
0.739203
0.537728
0.782341
0.304485
0.200733
0.714963
0.440198
0.57069
0.514663
0.343528
0.449042
0.13579
0.150222
0.660343
0.903987
0.582877
0.911225
0.383439
0.0117537
0.47624
0.0994088
0.739511
0.399542
0.943582
0.603575
0.509607
0.668158
0.595605
0.750462
0.87171
0.203526
0.489666
0.409439
0.985867
0.79415
0.610172
0.70083
0.234348
0.180862
0.215494
0.577876
0.629904
0.351283
0.728098
0.290248
0.25527
0.310975
0.201472
0.638709
0.322728
0.677712
0.738117
0.0622398
0.0772537
0.6817
0.665815
0.586861
0.349858
0.261419
0.337323
0.221569
0.464946
0.826989
0.631007
0.450813
0.621139
0.241179
0.151643
0.855487
0.422041
0.367137
0.433363
0.0519449
0.71842
0.161461
0.342193
0.97369
0.472436
0.543665
0.612399
0.795164
0.221377
0.350516
0.857404
0.29863
0.0322163
0.523219
0.885491
0.382075
0.784638
0.222815
0.603643
0.249584
0.0498036
0.234651
0.700397
0.670943
0.47583
0.852041
0.52643
0.89787
0.219178
0.959793
0.949815
0.937598
0.121254
0.292008
0.911288
0.59369
0.835672
0.523687
0.388854
0.0570492
0.874203
0.246258
0.35568
0.90642
0.769477
0.241171
0.288494
0.554116
0.463986
0.892138
0.8037
0.513789
0.126788
0.504097
0.184732
0.602618
0.356137
0.711162
0.500488
0.575315
0.670955
0.450303
0.512913
0.79221
0.742311
0.424201
0.3859
0.577983
0.947888
0.774754
0.635033
0.822091
0.0210127
0.990712
0.728511
0.79049
0.231883
0.0170049
0.344605
0.695869
0.909142
0.148305
0.209658
0.0359306
0.652402
0.39439
0.638548
0.0085391
0.105552
0.139036
0.583854
0.776508
0.58934
0.0967665
0.568717
0.331651
0.520967
0.954617
0.909634
0.468855
0.729371
0.544667
0.290946
0.750384
0.535379
0.0194562
0.540874
0.767262
0.0364611
0.885479
0.463131
0.945604
0.0337845
0.672789
0.981534
0.686186
0.0671795
0.620083
0.694725
0.172732
0.759119
0.278579
0.949239
0.348459
0.375346
0.517957
0.680109
0.896313
0.472574
0.589743
0.365168
0.201945
0.13441
0.656113
0.952329
0.669789
0.675569
0.493203
0.437051
0.712031
0.378683
0.900182
0.657634
0.412467
0.572971
0.639168
0.0986536
0.64015
0.259251
0.793379
0.812882
0.0183698
0.0719583
0.762121
0.366828
0.447304
0.280078
0.0469376
0.343617
0.752652
0.636681
0.708785
0.954597
0.771091
0.364898
0.906926
0.440879
0.0404677
0.40013
0.87793
0.752498
0.778812
0.778111
0.410132
0.19128
0.351082
0.0493007
0.289933
0.991232
0.308552
0.0833121
0.804114
0.326921
0.15527
0.566236
0.69375
0.602575
0.846314
0.740687
0.946192
0.598966
0.377368
0.654977
0.553563
0.148459
0.0198752
0.460489
0.589338
0.060343
0.860619
0.467268
0.812841
0.639431
0.24538
0.222974
0.83071
0.596462
0.272274
0.120644
0.587694
0.580826
0.203956
0.391808
0.907747
0.359226
0.958044
0.601497
0.961801
0.804358
0.342184
0.907993
0.403323
0.719553
0.56297
0.956886
0.868011
0.582845
0.417375
0.45735
0.643188
0.277993
0.924618
0.456029
0.917424
0.169997
0.679003
0.748135
0.766459
0.951277
0.868778
0.354153
0.532103
0.0727339
0.745961
0.43985
0.43196
0.704005
0.0413474
0.393761
0.508362
0.383532
0.301754
0.911686
0.103084
0.864723
0.868572
0.971096
0.447568
0.285947
0.428445
0.0907563
0.56394
0.353063
0.546786
0.481364
0.52306
0.225788
0.229499
0.289519
0.177066
0.0982774
0.643672
0.709169
0.171011
0.389633
0.149019
0.602971
0.0936377
0.190367
0.996732
0.602
0.573898
0.298486
0.513686
0.676983
0.163209
0.382258
0.648079
0.610777
0.668204
0.0765242
0.701533
0.232144
0.429587
0.248319
0.713509
0.952648
0.474107
0.943008
0.242167
0.651173
0.0412854
0.885839
0.360342
0.212297
0.275472
0.509361
0.815268
0.36911
0.699728
0.812
0.97111
0.273626
0.110485
0.484796
0.950609
0.273694
0.867053
0.598687
0.884472
0.535258
0.675212
0.586005
0.767402
0.104799
0.834324
0.480911
0.0574467
0.308431
0.423919
0.299614
0.959604
0.465204
0.185453
0.319946
0.677501
0.460925
0.829307
0.492769
0.830035
0.529035
0.304769
0.801145
0.802661
0.415254
0.285941
0.753269
0.688949
0.152994
0.351957
0.57342
0.688252
0.0271682
0.159425
0.455654
0.131967
0.993749
0.936565
0.189414
0.30218
0.360484
0.489028
0.261785
0.825688
0.674481
0.581731
0.503189
0.135406
0.411038
0.995958
0.965441
0.940073
0.300727
0.766586
0.742733
0.715982
0.0525263
0.496003
0.40493
0.205521
0.847959
0.97835
0.893772
0.875127
0.137776
0.349427
0.0070946
0.131525
0.285992
0.196508
0.433705
0.646476
0.685536
0.69549
0.472164
0.360017
0.277221
0.975354
0.495423
0.688259
0.971312
0.460864
0.628332
0.272039
0.227449
0.371065
0.988021
0.279975
0.867068
0.392951
0.485496
0.715027
0.371301
0.379268
0.590155
0.509077
0.728695
0.597249
